104.1666667	0.016252994
111.1111111	0.017325058
118.0555556	0.018395348
125	0.019463818
131.9444444	0.020530422
138.8888889	0.021595119
145.8333333	0.022657867
152.7777778	0.023718626
159.7222222	0.024777358
166.6666667	0.025834026
173.6111111	0.026888595
180.5555556	0.02794103
187.5	0.028991297
194.4444444	0.030039365
201.3888889	0.031085203
208.3333333	0.032128779
215.2777778	0.033170066
222.2222222	0.034209034
229.1666667	0.035245657
236.1111111	0.036279907
243.0555556	0.037311758
250	0.038341187
256.9444444	0.039368167
263.8888889	0.040392677
270.8333333	0.041414693
277.7777778	0.042434192
284.7222222	0.043451154
291.6666667	0.044465558
298.6111111	0.045477382
305.5555556	0.046486609
312.5	0.047493218
319.4444444	0.048497191
326.3888889	0.04949851
333.3333333	0.050497159
340.2777778	0.051493119
347.2222222	0.052486376
354.1666667	0.053476912
361.1111111	0.054464713
368.0555556	0.055449764
375	0.05643205
381.9444444	0.057411558
388.8888889	0.058388274
395.8333333	0.059362185
402.7777778	0.060333279
409.7222222	0.061301543
416.6666667	0.062266965
423.6111111	0.063229535
430.5555556	0.064189241
437.5	0.065146073
444.4444444	0.066100021
451.3888889	0.067051074
458.3333333	0.067999224
465.2777778	0.068944461
472.2222222	0.069886776
479.1666667	0.070826161
486.1111111	0.071762608
493.0555556	0.072696109
500	0.073626657
506.9444444	0.074554245
513.8888889	0.075478865
520.8333333	0.076400512
527.7777778	0.077319179
534.7222222	0.07823486
541.6666667	0.07914755
548.6111111	0.080057243
555.5555556	0.080963934
562.5	0.081867619
569.4444444	0.082768293
576.3888889	0.083665951
583.3333333	0.08456059
590.2777778	0.085452207
597.2222222	0.086340796
604.1666667	0.087226356
611.1111111	0.088108884
618.0555556	0.088988375
625	0.089864829
631.9444444	0.090738242
638.8888889	0.091608613
645.8333333	0.09247594
652.7777778	0.093340221
659.7222222	0.094201454
666.6666667	0.095059639
673.6111111	0.095914774
680.5555556	0.096766858
687.5	0.097615892
694.4444444	0.098461874
701.3888889	0.099304804
708.3333333	0.100144683
715.2777778	0.10098151
722.2222222	0.101815285
729.1666667	0.10264601
736.1111111	0.103473685
743.0555556	0.10429831
750	0.105119887
756.9444444	0.105938416
763.8888889	0.1067539
770.8333333	0.107566339
777.7777778	0.108375736
784.7222222	0.109182092
791.6666667	0.109985409
798.6111111	0.110785689
805.5555556	0.111582934
812.5	0.112377147
819.4444444	0.11316833
826.3888889	0.113956487
833.3333333	0.114741619
840.2777778	0.11552373
847.2222222	0.116302822
854.1666667	0.1170789
861.1111111	0.117851966
868.0555556	0.118622023
875	0.119389076
881.9444444	0.120153128
888.8888889	0.120914182
895.8333333	0.121672243
902.7777778	0.122427315
909.7222222	0.123179401
916.6666667	0.123928507
923.6111111	0.124674636
930.5555556	0.125417792
937.5	0.126157981
944.4444444	0.126895207
951.3888889	0.127629475
958.3333333	0.12836079
965.2777778	0.129089156
972.2222222	0.129814578
979.1666667	0.130537062
986.1111111	0.131256613
993.0555556	0.131973236
1000	0.132686937
1006.944444	0.133397721
1013.888889	0.134105593
1020.833333	0.134810559
1027.777778	0.135512625
1034.722222	0.136211797
1041.666667	0.13690808
1048.611111	0.137601481
1055.555556	0.138292005
1062.5	0.138979658
1069.444444	0.139664447
1076.388889	0.140346377
1083.333333	0.141025456
1090.277778	0.141701689
1097.222222	0.142375082
1104.166667	0.143045643
1111.111111	0.143713377
1118.055556	0.144378291
1125	0.145040392
1131.944444	0.145699687
1138.888889	0.146356182
1145.833333	0.147009883
1152.777778	0.147660799
1159.722222	0.148308935
1166.666667	0.148954299
1173.611111	0.149596897
1180.555556	0.150236737
1187.5	0.150873826
1194.444444	0.15150817
1201.388889	0.152139777
1208.333333	0.152768655
1215.277778	0.15339481
1222.222222	0.154018249
1229.166667	0.15463898
1236.111111	0.155257011
1243.055556	0.155872348
1250	0.156484999
1256.944444	0.157094972
1263.888889	0.157702274
1270.833333	0.158306912
1277.777778	0.158908894
1284.722222	0.159508228
1291.666667	0.160104921
1298.611111	0.160698981
1305.555556	0.161290416
1312.5	0.161879233
1319.444444	0.16246544
1326.388889	0.163049044
1333.333333	0.163630054
1340.277778	0.164208477
1347.222222	0.164784322
1354.166667	0.165357595
1361.111111	0.165928304
1368.055556	0.166496459
1375	0.167062065
1381.944444	0.167625132
1388.888889	0.168185668
1395.833333	0.168743679
1402.777778	0.169299175
1409.722222	0.169852162
1416.666667	0.17040265
1423.611111	0.170950646
1430.555556	0.171496158
1437.5	0.172039193
1444.444444	0.172579761
1451.388889	0.173117869
1458.333333	0.173653526
1465.277778	0.174186738
1472.222222	0.174717515
1479.166667	0.175245864
1486.111111	0.175771793
1493.055556	0.176295311
1500	0.176816426
1506.944444	0.177335145
1513.888889	0.177851477
1520.833333	0.17836543
1527.777778	0.178877012
1534.722222	0.179386231
1541.666667	0.179893095
1548.611111	0.180397612
1555.555556	0.180899791
1562.5	0.181399639
1569.444444	0.181897165
1576.388889	0.182392377
1583.333333	0.182885282
1590.277778	0.18337589
1597.222222	0.183864208
1604.166667	0.184350244
1611.111111	0.184834006
1618.055556	0.185315502
1625	0.185794741
1631.944444	0.186271731
1638.888889	0.186746479
1645.833333	0.187218994
1652.777778	0.187689284
1659.722222	0.188157357
1666.666667	0.188623221
1673.611111	0.189086884
1680.555556	0.189548354
1687.5	0.190007639
1694.444444	0.190464748
1701.388889	0.190919687
1708.333333	0.191372466
1715.277778	0.191823092
1722.222222	0.192271574
1729.166667	0.192717918
1736.111111	0.193162134
1743.055556	0.193604229
1750	0.194044212
1756.944444	0.194482089
1763.888889	0.19491787
1770.833333	0.195351562
1777.777778	0.195783172
1784.722222	0.19621271
1791.666667	0.196640182
1798.611111	0.197065597
1805.555556	0.197488963
1812.5	0.197910286
1819.444444	0.198329577
1826.388889	0.198746841
1833.333333	0.199162087
1840.277778	0.199575323
1847.222222	0.199986556
1854.166667	0.200395794
1861.111111	0.200803046
1868.055556	0.201208318
1875	0.201611619
1881.944444	0.202012956
1888.888889	0.202412337
1895.833333	0.20280977
1902.777778	0.203205262
1909.722222	0.203598821
1916.666667	0.203990454
1923.611111	0.20438017
1930.555556	0.204767975
1937.5	0.205153878
1944.444444	0.205537886
1951.388889	0.205920006
1958.333333	0.206300247
1965.277778	0.206678615
1972.222222	0.207055118
1979.166667	0.207429764
1986.111111	0.207802559
1993.055556	0.208173512
2000	0.20854263
2006.944444	0.208909921
2013.888889	0.209275391
2020.833333	0.209639048
2027.777778	0.210000899
2034.722222	0.210360952
2041.666667	0.210719215
2048.611111	0.211075693
2055.555556	0.211430396
2062.5	0.211783329
2069.444444	0.2121345
2076.388889	0.212483917
2083.333333	0.212831586
2090.277778	0.213177515
2097.222222	0.213521711
2104.166667	0.213864181
2111.111111	0.214204932
2118.055556	0.214543971
2125	0.214881305
2131.944444	0.215216942
2138.888889	0.215550889
2145.833333	0.215883151
2152.777778	0.216213737
2159.722222	0.216542654
2166.666667	0.216869908
2173.611111	0.217195506
2180.555556	0.217519455
2187.5	0.217841762
2194.444444	0.218162434
2201.388889	0.218481478
2208.333333	0.218798901
2215.277778	0.219114709
2222.222222	0.219428909
2229.166667	0.219741508
2236.111111	0.220052513
2243.055556	0.22036193
2250	0.220669767
2256.944444	0.220976029
2263.888889	0.221280723
2270.833333	0.221583857
2277.777778	0.221885436
2284.722222	0.222185468
2291.666667	0.222483958
2298.611111	0.222780914
2305.555556	0.223076341
2312.5	0.223370247
2319.444444	0.223662638
2326.388889	0.22395352
2333.333333	0.2242429
2340.277778	0.224530784
2347.222222	0.224817179
2354.166667	0.225102091
2361.111111	0.225385525
2368.055556	0.22566749
2375	0.22594799
2381.944444	0.226227033
2388.888889	0.226504624
2395.833333	0.22678077
2402.777778	0.227055477
2409.722222	0.22732875
2416.666667	0.227600598
2423.611111	0.227871024
2430.555556	0.228140036
2437.5	0.22840764
2444.444444	0.228673841
2451.388889	0.228938647
2458.333333	0.229202062
2465.277778	0.229464093
2472.222222	0.229724745
2479.166667	0.229984026
2486.111111	0.230241941
2493.055556	0.230498495
2500	0.230753695
2506.944444	0.231007546
2513.888889	0.231260054
2520.833333	0.231511226
2527.777778	0.231761067
2534.722222	0.232009583
2541.666667	0.232256779
2548.611111	0.232502662
2555.555556	0.232747237
2562.5	0.232990509
2569.444444	0.233232486
2576.388889	0.233473171
2583.333333	0.233712571
2590.277778	0.233950691
2597.222222	0.234187538
2604.166667	0.234423116
2611.111111	0.234657432
2618.055556	0.23489049
2625	0.235122296
2631.944444	0.235352856
2638.888889	0.235582176
2645.833333	0.23581026
2652.777778	0.236037114
2659.722222	0.236262743
2666.666667	0.236487154
2673.611111	0.236710351
2680.555556	0.236932339
2687.5	0.237153125
2694.444444	0.237372712
2701.388889	0.237591107
2708.333333	0.237808315
2715.277778	0.238024341
2722.222222	0.238239191
2729.166667	0.238452868
2736.111111	0.23866538
2743.055556	0.23887673
2750	0.239086924
2756.944444	0.239295967
2763.888889	0.239503864
2770.833333	0.239710621
2777.777778	0.239916242
2784.722222	0.240120732
2791.666667	0.240324096
2798.611111	0.24052634
2805.555556	0.240727468
2812.5	0.240927486
2819.444444	0.241126397
2826.388889	0.241324208
2833.333333	0.241520923
2840.277778	0.241716546
2847.222222	0.241911084
2854.166667	0.242104539
2861.111111	0.242296919
2868.055556	0.242488226
2875	0.242678466
2881.944444	0.242867644
2888.888889	0.243055765
2895.833333	0.243242833
2902.777778	0.243428852
2909.722222	0.243613828
2916.666667	0.243797765
2923.611111	0.243980668
2930.555556	0.244162541
2937.5	0.24434339
2944.444444	0.244523218
2951.388889	0.24470203
2958.333333	0.244879831
2965.277778	0.245056625
2972.222222	0.245232416
2979.166667	0.24540721
2986.111111	0.245581011
2993.055556	0.245753823
3000	0.24592565
3006.944444	0.246096497
3013.888889	0.246266369
3020.833333	0.246435269
3027.777778	0.246603202
3034.722222	0.246770173
3041.666667	0.246936185
3048.611111	0.247101244
3055.555556	0.247265352
3062.5	0.247428515
3069.444444	0.247590737
3076.388889	0.247752022
3083.333333	0.247912375
3090.277778	0.248071798
3097.222222	0.248230297
3104.166667	0.248387876
3111.111111	0.248544539
3118.055556	0.248700289
3125	0.248855132
3131.944444	0.249009071
3138.888889	0.24916211
3145.833333	0.249314253
3152.777778	0.249465505
3159.722222	0.249615869
3166.666667	0.249765349
3173.611111	0.249913949
3180.555556	0.250061674
3187.5	0.250208526
3194.444444	0.250354511
3201.388889	0.250499632
3208.333333	0.250643892
3215.277778	0.250787297
3222.222222	0.250929849
3229.166667	0.251071552
3236.111111	0.251212411
3243.055556	0.251352428
3250	0.251491609
3256.944444	0.251629956
3263.888889	0.251767474
3270.833333	0.251904165
3277.777778	0.252040035
3284.722222	0.252175086
3291.666667	0.252309322
3298.611111	0.252442747
3305.555556	0.252575365
3312.5	0.252707179
3319.444444	0.252838193
3326.388889	0.25296841
3333.333333	0.253097834
3340.277778	0.253226469
3347.222222	0.253354318
3354.166667	0.253481385
3361.111111	0.253607673
3368.055556	0.253733186
3375	0.253857927
3381.944444	0.253981899
3388.888889	0.254105107
3395.833333	0.254227554
3402.777778	0.254349243
3409.722222	0.254470177
3416.666667	0.25459036
3423.611111	0.254709796
3430.555556	0.254828487
3437.5	0.254946438
3444.444444	0.25506365
3451.388889	0.255180129
3458.333333	0.255295876
3465.277778	0.255410896
3472.222222	0.255525192
3479.166667	0.255638767
3486.111111	0.255751623
3493.055556	0.255863765
3500	0.255975196
3506.944444	0.256085919
3513.888889	0.256195937
3520.833333	0.256305253
3527.777778	0.25641387
3534.722222	0.256521792
3541.666667	0.256629022
3548.611111	0.256735563
3555.555556	0.256841417
3562.5	0.256946589
3569.444444	0.257051081
3576.388889	0.257154896
3583.333333	0.257258038
3590.277778	0.257360508
3597.222222	0.257462312
3604.166667	0.25756345
3611.111111	0.257663927
3618.055556	0.257763746
3625	0.257862908
3631.944444	0.257961419
3638.888889	0.258059279
3645.833333	0.258156493
3652.777778	0.258253063
3659.722222	0.258348991
3666.666667	0.258444282
3673.611111	0.258538938
3680.555556	0.258632962
3687.5	0.258726356
3694.444444	0.258819123
3701.388889	0.258911267
3708.333333	0.25900279
3715.277778	0.259093695
3722.222222	0.259183984
3729.166667	0.259273661
3736.111111	0.259362729
3743.055556	0.259451189
3750	0.259539045
3756.944444	0.2596263
3763.888889	0.259712955
3770.833333	0.259799015
3777.777778	0.259884481
3784.722222	0.259969357
3791.666667	0.260053645
3798.611111	0.260137347
3805.555556	0.260220467
3812.5	0.260303006
3819.444444	0.260384968
3826.388889	0.260466355
3833.333333	0.26054717
3840.277778	0.260627416
3847.222222	0.260707094
3854.166667	0.260786208
3861.111111	0.26086476
3868.055556	0.260942752
3875	0.261020188
3881.944444	0.261097069
3888.888889	0.261173398
3895.833333	0.261249178
3902.777778	0.261324411
3909.722222	0.2613991
3916.666667	0.261473247
3923.611111	0.261546854
3930.555556	0.261619925
3937.5	0.26169246
3944.444444	0.261764464
3951.388889	0.261835938
3958.333333	0.261906884
3965.277778	0.261977305
3972.222222	0.262047204
3979.166667	0.262116583
3986.111111	0.262185443
3993.055556	0.262253788
4000	0.26232162
4006.944444	0.262388941
4013.888889	0.262455753
4020.833333	0.262522059
4027.777778	0.262587861
4034.722222	0.262653162
4041.666667	0.262717962
4048.611111	0.262782266
4055.555556	0.262846075
4062.5	0.262909391
4069.444444	0.262972216
4076.388889	0.263034553
4083.333333	0.263096405
4090.277778	0.263157772
4097.222222	0.263218658
4104.166667	0.263279064
4111.111111	0.263338993
4118.055556	0.263398446
4125	0.263457427
4131.944444	0.263515937
4138.888889	0.263573978
4145.833333	0.263631552
4152.777778	0.263688662
4159.722222	0.26374531
4166.666667	0.263801497
4173.611111	0.263857226
4180.555556	0.263912498
4187.5	0.263967317
4194.444444	0.264021684
4201.388889	0.2640756
4208.333333	0.264129069
4215.277778	0.264182091
4222.222222	0.26423467
4229.166667	0.264286807
4236.111111	0.264338504
4243.055556	0.264389762
4250	0.264440585
4256.944444	0.264490974
4263.888889	0.264540931
4270.833333	0.264590458
4277.777778	0.264639557
4284.722222	0.264688229
4291.666667	0.264736477
4298.611111	0.264784303
4305.555556	0.264831708
4312.5	0.264878695
4319.444444	0.264925265
4326.388889	0.264971421
4333.333333	0.265017163
4340.277778	0.265062495
4347.222222	0.265107417
4354.166667	0.265151932
4361.111111	0.265196041
4368.055556	0.265239747
4375	0.265283051
4381.944444	0.265325955
4388.888889	0.265368461
4395.833333	0.26541057
4402.777778	0.265452285
4409.722222	0.265493607
4416.666667	0.265534538
4423.611111	0.265575079
4430.555556	0.265615233
4437.5	0.265655001
4444.444444	0.265694386
4451.388889	0.265733387
4458.333333	0.265772009
4465.277778	0.265810251
4472.222222	0.265848116
4479.166667	0.265885606
4486.111111	0.265922722
4493.055556	0.265959466
4500	0.26599584
4506.944444	0.266031845
4513.888889	0.266067483
4520.833333	0.266102755
4527.777778	0.266137664
4534.722222	0.266172211
4541.666667	0.266206397
4548.611111	0.266240224
4555.555556	0.266273694
4562.5	0.266306809
4569.444444	0.26633957
4576.388889	0.266371978
4583.333333	0.266404035
4590.277778	0.266435743
4597.222222	0.266467104
4604.166667	0.266498118
4611.111111	0.266528788
4618.055556	0.266559115
4625	0.266589101
4631.944444	0.266618747
4638.888889	0.266648054
4645.833333	0.266677025
4652.777778	0.26670566
4659.722222	0.266733962
4666.666667	0.266761931
4673.611111	0.26678957
4680.555556	0.266816879
4687.5	0.26684386
4694.444444	0.266870516
4701.388889	0.266896846
4708.333333	0.266922853
4715.277778	0.266948538
4722.222222	0.266973903
4729.166667	0.266998949
4736.111111	0.267023677
4743.055556	0.267048089
4750	0.267072187
4756.944444	0.267095971
4763.888889	0.267119443
4770.833333	0.267142605
4777.777778	0.267165458
4784.722222	0.267188003
4791.666667	0.267210242
4798.611111	0.267232176
4805.555556	0.267253806
4812.5	0.267275135
4819.444444	0.267296162
4826.388889	0.267316891
4833.333333	0.267337321
4840.277778	0.267357454
4847.222222	0.267377292
4854.166667	0.267396836
4861.111111	0.267416088
4868.055556	0.267435048
4875	0.267453717
4881.944444	0.267472099
4888.888889	0.267490192
4895.833333	0.267508
4902.777778	0.267525523
4909.722222	0.267542762
4916.666667	0.267559718
4923.611111	0.267576394
4930.555556	0.26759279
4937.5	0.267608908
4944.444444	0.267624748
4951.388889	0.267640312
4958.333333	0.267655602
4965.277778	0.267670618
4972.222222	0.267685362
4979.166667	0.267699835
4986.111111	0.267714038
4993.055556	0.267727973
5000	0.26774164
5006.944444	0.267755041
5013.888889	0.267768177
5020.833333	0.267781049
5027.777778	0.267793659
5034.722222	0.267806007
5041.666667	0.267818095
5048.611111	0.267829924
5055.555556	0.267841496
5062.5	0.26785281
5069.444444	0.267863869
5076.388889	0.267874674
5083.333333	0.267885225
5090.277778	0.267895525
5097.222222	0.267905573
5104.166667	0.267915372
5111.111111	0.267924922
5118.055556	0.267934225
5125	0.267943281
5131.944444	0.267952091
5138.888889	0.267960658
5145.833333	0.267968981
5152.777778	0.267977063
5159.722222	0.267984903
5166.666667	0.267992504
5173.611111	0.267999866
5180.555556	0.268006991
5187.5	0.268013879
5194.444444	0.268020531
5201.388889	0.268026949
5208.333333	0.268033133
5215.277778	0.268039086
5222.222222	0.268044806
5229.166667	0.268050297
5236.111111	0.268055559
5243.055556	0.268060592
5250	0.268065399
5256.944444	0.268069979
5263.888889	0.268074334
5270.833333	0.268078465
5277.777778	0.268082373
5284.722222	0.26808606
5291.666667	0.268089525
5298.611111	0.26809277
5305.555556	0.268095796
5312.5	0.268098604
5319.444444	0.268101195
5326.388889	0.26810357
5333.333333	0.26810573
5340.277778	0.268107676
5347.222222	0.268109409
5354.166667	0.26811093
5361.111111	0.268112239
5368.055556	0.268113339
5375	0.268114229
5381.944444	0.26811491
5388.888889	0.268115385
5395.833333	0.268115653
5402.777778	0.268115715
5409.722222	0.268115573
5416.666667	0.268115227
5423.611111	0.268114678
5430.555556	0.268113928
5437.5	0.268112977
5444.444444	0.268111826
5451.388889	0.268110475
5458.333333	0.268108927
5465.277778	0.268107181
5472.222222	0.268105239
5479.166667	0.268103102
5486.111111	0.26810077
5493.055556	0.268098244
5500	0.268095525
5506.944444	0.268092615
5513.888889	0.268089513
5520.833333	0.268086222
5527.777778	0.26808274
5534.722222	0.268079071
5541.666667	0.268075214
5548.611111	0.26807117
5555.555556	0.26806694
