Torque Curves with Flux-Weakening Control
Speed (rpm)
Torque (N.m)
0	14.938211
1.5	14.949334
3	14.957370
4.5	14.962113
6	14.963339
7.5	14.960813
9	14.954282
10.5	14.943480
12	14.928118
13.5	14.907892
15	14.882475
16.5	14.851519
18	14.814651
19.5	14.771475
21	14.721564
22.5	14.664463
24	14.599685
25.5	14.526709
27	14.444976
28.5	14.353887
30	14.252800
31.5	14.141026
33	14.017824
34.5	13.882402
36	13.733905
37.5	13.571416
39	13.393948
40.5	13.200438
42	12.989744
43.5	12.760631
45	12.511772
46.5	12.241734
48	11.948970
49.5	11.631809
51	11.288447
52.5	10.916934
54	10.515157
55.5	10.080835
57	9.611493
58.5	9.104453
60	8.556809
61.5	7.965411
63	7.326842
64.5	6.637392
66	5.893030
67.5	5.089380
69	4.221684
70.5	3.284772
72	2.273019
73.5	1.180312
75	0.000000
Torque_2.5Hz_20.51V
0	17.755390
3	17.790435
6	17.822202
9	17.850435
12	17.874863
15	17.895194
18	17.911115
21	17.922291
24	17.928364
27	17.928947
30	17.923630
33	17.911969
36	17.893490
39	17.867681
42	17.833995
45	17.791843
48	17.740593
51	17.679565
54	17.608026
57	17.525188
60	17.430205
63	17.322161
66	17.200075
69	17.062884
72	16.909446
75	16.738525
78	16.548791
81	16.338805
84	16.107015
87	15.851743
90	15.571175
93	15.263351
96	14.926150
99	14.557277
102	14.154250
105	13.714381
108	13.234761
111	12.712239
114	12.143403
117	11.524560
120	10.851708
123	10.120516
126	9.326296
129	8.463974
132	7.528062
135	6.512628
138	5.411265
141	4.217058
144	2.922557
147	1.519743
150	0.000000
Torque_5Hz_32.4199V
0	18.811091
4.5	18.877773
9	18.941612
13.5	19.002332
18	19.059637
22.5	19.113205
27	19.162690
31.5	19.207721
36	19.247893
40.5	19.282773
45	19.311892
49.5	19.334742
54	19.350776
58.5	19.359404
63	19.359985
67.5	19.351829
72	19.334189
76.5	19.306256
81	19.267157
85.5	19.215945
90	19.151596
94.5	19.073002
99	18.978960
103.5	18.868170
108	18.739224
112.5	18.590594
117	18.420625
121.5	18.227524
126	18.009347
130.5	17.763986
135	17.489158
139.5	17.182388
144	16.840994
148.5	16.462070
153	16.042470
157.5	15.578788
162	15.067340
166.5	14.504143
171	13.884894
175.5	13.204953
180	12.459315
184.5	11.642601
189	10.749029
193.5	9.772405
198	8.706107
202.5	7.543077
207	6.275821
211.5	4.896413
216	3.396512
220.5	1.767395
225	0.000000
Torque_7.5Hz_42.7006V
0	19.451690
6	19.555255
12	19.656846
18	19.756187
24	19.852975
30	19.946880
36	20.037543
42	20.124572
48	20.207539
54	20.285981
60	20.359388
66	20.427209
72	20.488840
78	20.543624
84	20.590843
90	20.629715
96	20.659387
102	20.678927
108	20.687321
114	20.683458
120	20.666129
126	20.634015
132	20.585673
138	20.519531
144	20.433872
150	20.326822
156	20.196338
162	20.040190
168	19.855945
174	19.640953
180	19.392323
186	19.106909
192	18.781289
198	18.411739
204	17.994217
210	17.524337
216	16.997352
222	16.408129
228	15.751132
234	15.020404
240	14.209560
246	13.311773
252	12.319779
258	11.225889
264	10.022011
270	8.699689
276	7.250167
282	5.664471
288	3.933525
294	2.048299
300	0.000000
Torque_10Hz_53.033V
0	19.558405
7.5	19.697704
15	19.836259
22.5	19.973819
30	20.110105
37.5	20.244810
45	20.377595
52.5	20.508083
60	20.635860
67.5	20.760467
75	20.881398
82.5	20.998095
90	21.109939
97.5	21.216252
105	21.316279
112.5	21.409193
120	21.494078
127.5	21.569924
135	21.635615
142.5	21.689922
150	21.731487
157.5	21.758815
165	21.770252
172.5	21.763979
180	21.737988
187.5	21.690064
195	21.617769
202.5	21.518417
210	21.389052
217.5	21.226422
225	21.026953
232.5	20.786723
240	20.501431
247.5	20.166367
255	19.776387
262.5	19.325881
270	18.808746
277.5	18.218367
285	17.547596
292.5	16.788747
300	15.933592
307.5	14.973379
315	13.898873
322.5	12.700406
330	11.367977
337.5	9.891373
345	8.260344
352.5	6.464830
360	4.495240
367.5	2.342807
375	0.000000
Torque_12.5Hz_63.3918V
0	19.238020
9	19.407518
18	19.577663
27	19.748257
36	19.919073
45	20.089857
54	20.260324
63	20.430148
72	20.598966
81	20.766368
90	20.931894
99	21.095028
108	21.255191
117	21.411732
126	21.563925
135	21.710954
144	21.851906
153	21.985761
162	22.111376
171	22.227472
180	22.332620
189	22.425222
198	22.503494
207	22.565439
216	22.608831
225	22.631184
234	22.629724
243	22.601358
252	22.542644
261	22.449747
270	22.318407
279	22.143894
288	21.920968
297	21.643832
306	21.306090
315	20.900706
324	20.419965
333	19.855447
342	19.197999
351	18.437742
360	17.564078
369	16.565750
378	15.430917
387	14.147301
396	12.702374
405	11.083635
414	9.278962
423	7.277065
432	5.068040
441	2.644035
450	0.000000
Torque_15Hz_73.766V
0	18.632676
10.5	18.825049
21	19.019435
31.5	19.215703
42	19.413701
52.5	19.613249
63	19.814137
73.5	20.016120
84	20.218916
94.5	20.422198
105	20.625589
115.5	20.828658
126	21.030911
136.5	21.231779
147	21.430615
157.5	21.626682
168	21.819137
178.5	22.007020
189	22.189241
199.5	22.364559
210	22.531565
220.5	22.688658
231	22.834023
241.5	22.965599
252	23.081052
262.5	23.177739
273	23.252666
283.5	23.302450
294	23.323265
304.5	23.310798
315	23.260183
325.5	23.165949
336	23.021948
346.5	22.821293
357	22.556288
367.5	22.218362
378	21.798012
388.5	21.284747
399	20.667061
409.5	19.932425
420	19.067318
430.5	18.057311
441	16.887221
451.5	15.541348
462	14.003830
472.5	12.259123
483	10.292639
493.5	8.091542
504	5.645728
514.5	2.948936
525	0.000000
Torque_17.5Hz_84.1498V
0	17.863312
12	18.071319
24	18.282553
36	18.496960
48	18.714468
60	18.934981
72	19.158379
84	19.384511
96	19.613194
108	19.844203
120	20.077272
132	20.312080
144	20.548249
156	20.785334
168	21.022808
180	21.260060
192	21.496372
204	21.730912
216	21.962710
228	22.190643
240	22.413409
252	22.629505
264	22.837190
276	23.034459
288	23.218999
300	23.388147
312	23.538839
324	23.667553
336	23.770245
348	23.842281
360	23.878354
372	23.872398
384	23.817495
396	23.705775
408	23.528311
420	23.275015
432	22.934535
444	22.494172
456	21.939811
468	21.255894
480	20.425453
492	19.430217
504	18.250839
516	16.867262
528	15.259282
540	13.407319
552	11.293467
564	8.902799
576	6.224957
588	3.255938
600	0.000000
Torque_20Hz_94.5401V
0	17.017490
13.5	17.234912
27	17.456568
40.5	17.682478
54	17.912650
67.5	18.147072
81	18.385715
94.5	18.628526
108	18.875425
121.5	19.126299
135	19.380999
148.5	19.639330
162	19.901048
175.5	20.165846
189	20.433348
202.5	20.703098
216	20.974541
229.5	21.247012
243	21.519717
256.5	21.791709
270	22.061867
283.5	22.328860
297	22.591122
310.5	22.846808
324	23.093747
337.5	23.329393
351	23.550761
364.5	23.754362
378	23.936114
391.5	24.091260
405	24.214257
418.5	24.298662
432	24.337001
445.5	24.320626
459	24.239563
472.5	24.082352
486	23.835884
499.5	23.485254
513	23.013634
526.5	22.402192
540	21.630094
553.5	20.674617
567	19.511429
580.5	18.115103
594	16.459919
607.5	14.521043
621	12.276112
634.5	9.707282
648	6.803676
661.5	3.564131
675	0.000000
Torque_22.5Hz_104.935V
0	16.152940
15	16.374868
30	16.601819
45	16.833882
60	17.071135
75	17.313648
90	17.561475
105	17.814656
120	18.073211
135	18.337135
150	18.606395
165	18.880924
180	19.160611
195	19.445298
210	19.734766
225	20.028726
240	20.326804
255	20.628528
270	20.933305
285	21.240405
300	21.548930
315	21.857785
330	22.165642
345	22.470897
360	22.771623
375	23.065503
390	23.349769
405	23.621116
420	23.875604
435	24.108551
450	24.314403
465	24.486581
480	24.617317
495	24.697457
510	24.716254
525	24.661132
540	24.517453
555	24.268266
570	23.894096
585	23.372767
600	22.679325
615	21.786112
630	20.663070
645	19.278380
660	17.599546
675	15.595044
690	13.236643
705	10.502432
720	7.380488
735	3.872946
750	0.000000
Torque_25Hz_115.333V
0	15.305066
16.5	15.527834
33	15.756217
49.5	15.990359
66	16.230403
82.5	16.476486
99	16.728740
115.5	16.987286
132	17.252235
148.5	17.523681
165	17.801700
181.5	18.086341
198	18.377624
214.5	18.675531
231	18.979997
247.5	19.290901
264	19.608051
280.5	19.931172
297	20.259887
313.5	20.593694
330	20.931944
346.5	21.273807
363	21.618237
379.5	21.963927
396	22.309256
412.5	22.652226
429	22.990387
445.5	23.320743
462	23.639650
478.5	23.942680
495	24.224475
511.5	24.478563
528	24.697152
544.5	24.870885
561	24.988564
577.5	25.036839
594	24.999866
610.5	24.858954
627	24.592213
643.5	24.174239
660	23.575904
676.5	22.764322
693	21.703116
709.5	20.353133
726	18.673807
742.5	16.625353
759	14.171991
775.5	11.286265
792	7.954364
808.5	4.181995
825	0.000000
Torque_27.5Hz_125.734V
0	14.493977
18	14.714965
36	14.941988
54	15.175238
72	15.414911
90	15.661201
108	15.914305
126	16.174416
144	16.441722
162	16.716403
180	16.998632
198	17.288564
216	17.586334
234	17.892056
252	18.205805
270	18.527617
288	18.857475
306	19.195293
324	19.540905
342	19.894041
360	20.254301
378	20.621133
396	20.993788
414	21.371283
432	21.752344
450	22.135344
468	22.518219
486	22.898378
504	23.272582
522	23.636803
540	23.986057
558	24.314191
576	24.613645
594	24.875154
612	25.087406
630	25.236650
648	25.306238
666	25.276140
684	25.122422
702	24.816750
720	24.325975
738	23.611911
756	22.631472
774	21.337386
792	19.679780
810	17.608958
828	15.079689
846	12.057166
864	8.524494
882	4.491000
900	0.000000
Torque_30Hz_136.136V
0	13.729872
19.5	13.947277
39	14.170997
58.5	14.401264
78	14.638316
97.5	14.882396
117	15.133752
136.5	15.392636
156	15.659302
175.5	15.934006
195	16.216999
214.5	16.508529
234	16.808835
253.5	17.118140
273	17.436649
292.5	17.764540
312	18.101953
331.5	18.448980
351	18.805648
370.5	19.171907
390	19.547602
409.5	19.932448
429	20.325995
448.5	20.727590
468	21.136319
487.5	21.550948
507	21.969843
526.5	22.390869
546	22.811271
565.5	23.227527
585	23.635157
604.5	24.028504
624	24.400454
643.5	24.742101
663	25.042342
682.5	25.287393
702	25.460232
721.5	25.539948
741	25.501041
760.5	25.312688
780	24.938062
799.5	24.333834
819	23.450062
838.5	22.230782
858	20.615717
877.5	18.543614
897	15.957727
916.5	12.813774
936	9.090206
955.5	4.799752
975	0.000000
Torque_32.5Hz_146.54V
0	13.016783
21	13.229414
42	13.448532
63	13.674398
84	13.907284
105	14.147471
126	14.395249
147	14.650919
168	14.914788
189	15.187171
210	15.468390
231	15.758768
252	16.058630
273	16.368299
294	16.688088
315	17.018299
336	17.359211
357	17.711074
378	18.074095
399	18.448421
420	18.834122
441	19.231168
462	19.639394
483	20.058463
504	20.487820
525	20.926628
546	21.373690
567	21.827356
588	22.285399
609	22.744862
630	23.201869
651	23.651382
672	24.086905
693	24.500110
714	24.880381
735	25.214253
756	25.484740
777	25.670533
798	25.745096
819	25.675662
840	25.422234
861	24.936705
882	24.162383
903	23.034294
924	21.480867
945	19.427731
966	16.804468
987	13.554917
1008	9.650927
1029	5.108083
1050	0.000000
Torque_35Hz_156.946V
0	12.355053
22.5	12.562169
45	12.775859
67.5	12.996406
90	13.224108
112.5	13.459275
135	13.702232
157.5	13.953315
180	14.212876
202.5	14.481280
225	14.758901
247.5	15.046129
270	15.343359
292.5	15.650994
315	15.969444
337.5	16.299114
360	16.640405
382.5	16.993703
405	17.359371
427.5	17.737736
450	18.129071
472.5	18.533575
495	18.951346
517.5	19.382348
540	19.826363
562.5	20.282937
585	20.751306
607.5	21.230306
630	21.718250
652.5	22.212782
675	22.710678
697.5	23.207606
720	23.697808
742.5	24.173707
765	24.625401
787.5	25.040043
810	25.401059
832.5	25.687210
855	25.871467
877.5	25.919728
900	25.789442
922.5	25.428275
945	24.773130
967.5	23.749982
990	22.275329
1012.5	20.260286
1035	17.618594
1057.5	14.279580
1080	10.206151
1102.5	5.415857
1125	0.000000
Torque_37.5Hz_167.352V
0	11.742928
24	11.944109
48	12.151886
72	12.366559
96	12.588445
120	12.817875
144	13.055201
168	13.300789
192	13.555024
216	13.818308
240	14.091062
264	14.373725
288	14.666752
312	14.970613
336	15.285794
360	15.612790
384	15.952103
408	16.304238
432	16.669693
456	17.048948
480	17.442457
504	17.850624
528	18.273786
552	18.712177
576	19.165893
600	19.634840
624	20.118665
648	20.616674
672	21.127715
696	21.650034
720	22.181085
744	22.717285
768	23.253693
792	23.783598
816	24.297990
840	24.784880
864	25.228435
888	25.607906
912	25.896298
936	26.058795
960	26.050984
984	25.816992
1008	25.287868
1032	24.380772
1056	22.999924
1080	21.040759
1104	18.399074
1128	14.986876
1152	10.755424
1176	5.722955
1200	0.000000
Torque_40Hz_177.759V
0	11.177542
25.5	11.372595
51	11.574217
76.5	11.782721
102	11.998436
127.5	12.221712
153	12.452918
178.5	12.692443
204	12.940697
229.5	13.198114
255	13.465148
280.5	13.742278
306	14.030007
331.5	14.328860
357	14.639384
382.5	14.962149
408	15.297741
433.5	15.646765
459	16.009832
484.5	16.387557
510	16.780548
535.5	17.189390
561	17.614629
586.5	18.056743
612	18.516113
637.5	18.992973
663	19.487353
688.5	19.999001
714	20.527278
739.5	21.071019
765	21.628350
790.5	22.196451
816	22.771236
841.5	23.346937
867	23.915556
892.5	24.466144
918	24.983879
943.5	25.448862
969	25.834614
994.5	26.106214
1020	26.218100
1045.5	26.111637
1071	25.712750
1096.5	24.930263
1122	23.656085
1147.5	21.769078
1173	19.145132
1198.5	15.676032
1224	11.298332
1249.5	6.029277
1275	0.000000
Torque_42.5Hz_188.167V
0	10.655529
27	10.844417
54	11.039812
81	11.242034
108	11.451424
135	11.668341
162	11.893168
189	12.126311
216	12.368200
243	12.619289
270	12.880061
297	13.151027
324	13.432724
351	13.725722
378	14.030619
405	14.348044
432	14.678653
459	15.023132
486	15.382190
513	15.756553
540	16.146963
567	16.554159
594	16.978871
621	17.421792
648	17.883554
675	18.364689
702	18.865577
729	19.386374
756	19.926919
783	20.486607
810	21.064217
837	21.657682
864	22.263778
891	22.877716
918	23.492581
945	24.098600
972	24.682156
999	25.224508
1026	25.700112
1053	26.074500
1080	26.301667
1107	26.321039
1134	26.054272
1161	25.402558
1188	24.245748
1215	22.445564
1242	19.856231
1269	16.346380
1296	11.834496
1323	6.334730
1350	0.000000
Torque_45Hz_198.575V
0	10.173382
28.5	10.356175
57	10.545387
85.5	10.741343
114	10.944389
142.5	11.154894
171	11.373248
199.5	11.599870
228	11.835202
256.5	12.079716
285	12.333915
313.5	12.598333
342	12.873536
370.5	13.160127
399	13.458745
427.5	13.770065
456	14.094802
484.5	14.433708
513	14.787570
541.5	15.157211
570	15.543482
598.5	15.947257
627	16.369421
655.5	16.810856
684	17.272415
712.5	17.754894
741	18.258985
769.5	18.785217
798	19.333871
826.5	19.904864
855	20.497591
883.5	21.110711
912	21.741850
940.5	22.387197
969	23.040960
997.5	23.694617
1026	24.335908
1054.5	24.947477
1083	25.505069
1111.5	25.975167
1140	26.311992
1168.5	26.453857
1197	26.319080
1225.5	25.802104
1254	24.771261
1282.5	23.070882
1311	20.532049
1339.5	16.997349
1368	12.363568
1396.5	6.639231
1425	0.000000
Torque_47.5Hz_208.984V
0	9.727659
30	9.904499
60	10.087650
90	10.277441
120	10.474222
150	10.678366
180	10.890269
210	11.110356
240	11.339081
270	11.576926
300	11.824408
330	12.082078
360	12.350525
390	12.630377
420	12.922304
450	13.227020
480	13.545282
510	13.877898
540	14.225720
570	14.589648
600	14.970626
630	15.369641
660	15.787712
690	16.225881
720	16.685194
750	17.166678
780	17.671305
810	18.199936
840	18.753253
870	19.331653
900	19.935106
930	20.562958
960	21.213649
990	21.884333
1020	22.570340
1050	23.264439
1080	23.955817
1110	24.628678
1140	25.260335
1170	25.818650
1200	26.258673
1230	26.518407
1260	26.513802
1290	26.133563
1320	25.235283
1350	23.645995
1380	21.172462
1410	17.628455
1440	12.885223
1470	6.942703
1500	0.000000
Torque_50Hz_219.393V
0	8.490307
31.5	8.646231
63	8.807800
94.5	8.975313
126	9.149090
157.5	9.329472
189	9.516825
220.5	9.711538
252	9.914031
283.5	10.124751
315	10.344177
346.5	10.572823
378	10.811240
409.5	11.060017
441	11.319787
472.5	11.591226
504	11.875058
535.5	12.172056
567	12.483046
598.5	12.808906
630	13.150566
661.5	13.509011
693	13.885273
724.5	14.280425
756	14.695573
787.5	15.131837
819	15.590325
850.5	16.072091
882	16.578086
913.5	17.109068
945	17.665494
976.5	18.247348
1008	18.853913
1039.5	19.483439
1071	20.132673
1102.5	20.796206
1134	21.465547
1165.5	22.127824
1197	22.763981
1228.5	23.346303
1260	23.835063
1291.5	24.174153
1323	24.285686
1354.5	24.063995
1386	23.370393
1417.5	22.031833
1449	19.849264
1480.5	16.624325
1512	12.212749
1543.5	6.603566
1575	0.000000
Torque_52.5Hz_219.393V
0	7.451380
33	7.589448
66	7.732577
99	7.881039
132	8.035127
165	8.195153
198	8.361451
231	8.534382
264	8.714329
297	8.901706
330	9.096957
363	9.300559
396	9.513025
429	9.734905
462	9.966793
495	10.209325
528	10.463188
561	10.729115
594	11.007899
627	11.300383
660	11.607474
693	11.930135
726	12.269389
759	12.626316
792	13.002047
825	13.397750
858	13.814616
891	14.253829
924	14.716525
957	15.203726
990	15.716251
1023	16.254577
1056	16.818649
1089	17.407596
1122	18.019330
1155	18.649963
1188	19.292981
1221	19.938054
1254	20.569358
1287	21.163199
1320	21.684732
1353	22.083543
1386	22.287957
1419	22.198349
1452	21.680618
1485	20.562880
1518	18.641595
1551	15.707068
1584	11.599225
1617	6.294875
1650	0.000000
Torque_55Hz_219.393V
0	6.573146
34.5	6.695901
69	6.823203
103.5	6.955302
138	7.092464
172.5	7.234976
207	7.383145
241.5	7.537299
276	7.697794
310.5	7.865010
345	8.039357
379.5	8.221277
414	8.411245
448.5	8.609776
483	8.817422
517.5	9.034781
552	9.262498
586.5	9.501268
621	9.751842
655.5	10.015027
690	10.291694
724.5	10.582776
759	10.889272
793.5	11.212249
828	11.552836
862.5	11.912222
897	12.291641
931.5	12.692355
966	13.115624
1000.5	13.562655
1035	14.034532
1069.5	14.532107
1104	15.055838
1138.5	15.605557
1173	16.180118
1207.5	16.776896
1242	17.391049
1276.5	18.014441
1311	18.634089
1345.5	19.229922
1380	19.771611
1414.5	20.214157
1449	20.492029
1483.5	20.511906
1518	20.144970
1552.5	19.221652
1587	17.535254
1621.5	14.865702
1656	11.037035
1690.5	6.012661
1725	0.000000
Torque_57.5Hz_219.393V
0	5.826067
36	5.935627
72	6.049284
108	6.167266
144	6.289817
180	6.417198
216	6.549691
252	6.687598
288	6.831245
324	6.980982
360	7.137188
396	7.300272
432	7.470674
468	7.648871
504	7.835379
540	8.030757
576	8.235608
612	8.450586
648	8.676402
684	8.913821
720	9.163674
756	9.426857
792	9.704336
828	9.997151
864	10.306414
900	10.633309
936	10.979085
972	11.345046
1008	11.732526
1044	12.142859
1080	12.577317
1116	13.037030
1152	13.522851
1188	14.035163
1224	14.573581
1260	15.136520
1296	15.720540
1332	16.319382
1368	16.922548
1404	17.513202
1440	18.065140
1476	18.538461
1512	18.873609
1548	18.983689
1584	18.745717
1620	17.993455
1656	16.518365
1692	14.091069
1728	10.519832
1764	5.753620
1800	0.000000
Torque_60Hz_219.393V
0	5.186812
37.5	5.284954
75	5.386797
112.5	5.492549
150	5.602433
187.5	5.716689
225	5.835574
262.5	5.959366
300	6.088365
337.5	6.222894
375	6.363301
412.5	6.509964
450	6.663292
487.5	6.823726
525	6.991747
562.5	7.167874
600	7.352673
637.5	7.546758
675	7.750795
712.5	7.965510
750	8.191689
787.5	8.430189
825	8.681935
862.5	8.947932
900	9.229263
937.5	9.527092
975	9.842662
1012.5	10.177290
1050	10.532350
1087.5	10.909253
1125	11.309402
1162.5	11.734127
1200	12.184579
1237.5	12.661570
1275	13.165325
1312.5	13.695105
1350	14.248640
1387.5	14.821269
1425	15.404648
1462.5	15.984809
1500	16.539287
1537.5	17.032923
1575	17.411901
1612.5	17.595759
1650	17.467743
1687.5	16.865833
1725	15.580918
1762.5	13.375473
1800	10.042285
1837.5	5.514975
1875	0.000000
Torque_62.5Hz_219.393V
0	4.636811
39	4.725029
78	4.816600
117	4.911713
156	5.010571
195	5.113395
234	5.220422
273	5.331906
312	5.448123
351	5.569370
390	5.695969
429	5.828269
468	5.966648
507	6.111515
546	6.263317
585	6.422537
624	6.589704
663	6.765392
702	6.950225
741	7.144889
780	7.350125
819	7.566747
858	7.795639
897	8.037764
936	8.294167
975	8.565983
1014	8.854432
1053	9.160824
1092	9.486547
1131	9.833054
1170	10.201829
1209	10.594345
1248	11.011972
1287	11.455851
1326	11.926688
1365	12.424431
1404	12.947780
1443	13.493424
1482	14.054874
1521	14.620689
1560	15.171770
1599	15.677328
1638	16.089001
1677	16.332664
1716	16.298058
1755	15.828134
1794	14.714399
1833	12.712397
1872	9.599886
1911	5.294376
1950	0.000000
Torque_65Hz_219.393V
0	4.161162
40.5	4.240722
81	4.323325
121.5	4.409146
162	4.498370
202.5	4.591200
243	4.687854
283.5	4.788565
324	4.893587
364.5	5.003194
405	5.117683
445.5	5.237377
486	5.362625
526.5	5.493807
567	5.631336
607.5	5.775665
648	5.927283
688.5	6.086728
729	6.254587
769.5	6.431500
810	6.618170
850.5	6.815364
891	7.023923
931.5	7.244766
972	7.478898
1012.5	7.727412
1053	7.991499
1093.5	8.272445
1134	8.571633
1174.5	8.890529
1215	9.230667
1255.5	9.593609
1296	9.980886
1336.5	10.393886
1377	10.833690
1417.5	11.300798
1458	11.794708
1498.5	12.313243
1539	12.851508
1579.5	13.400270
1620	13.943439
1660.5	14.454229
1701	14.889403
1741.5	15.181010
1782	15.225426
1822.5	14.871184
1863	13.911519
1903.5	12.096282
1944	9.188793
1984.5	5.089821
2025	0.000000
Torque_67.5Hz_219.393V
0	3.747827
42	3.819803
84	3.894548
126	3.972221
168	4.052996
210	4.137057
252	4.224603
294	4.315851
336	4.411034
378	4.510405
420	4.614239
462	4.722832
504	4.836508
546	4.955621
588	5.080554
630	5.211726
672	5.349595
714	5.494662
756	5.647477
798	5.808640
840	5.978812
882	6.158718
924	6.349154
966	6.550994
1008	6.765197
1050	6.992815
1092	7.235000
1134	7.493005
1176	7.768190
1218	8.062017
1260	8.376041
1302	8.711879
1344	9.071168
1386	9.455480
1428	9.866185
1470	10.304222
1512	10.769740
1554	11.261511
1596	11.775999
1638	12.305893
1680	12.837778
1722	13.348506
1764	13.799625
1806	14.129125
1848	14.240058
1890	13.987027
1932	13.165992
1974	11.522356
2016	8.805714
2058	4.899595
2100	0.000000
Torque_70Hz_219.393V
0	3.387013
43.5	3.452320
87	3.520153
130.5	3.590659
174	3.663996
217.5	3.740334
261	3.819857
304.5	3.902764
348	3.989270
391.5	4.079610
435	4.174035
478.5	4.272822
522	4.376271
565.5	4.484707
609	4.598488
652.5	4.718004
696	4.843681
739.5	4.975986
783	5.115434
826.5	5.262588
870	5.418068
913.5	5.582557
957	5.756807
1000.5	5.941647
1044	6.137991
1087.5	6.346846
1131	6.569318
1174.5	6.806623
1218	7.060088
1261.5	7.331155
1305	7.621376
1348.5	7.932398
1392	8.265925
1435.5	8.623658
1479	9.007186
1522.5	9.417794
1566	9.856158
1609.5	10.321836
1653	10.812449
1696.5	11.322351
1740	11.840491
1783.5	12.347011
1827	12.807889
1870.5	13.166788
1914	13.333386
1957.5	13.168718
2001	12.472362
2044.5	10.986498
2088	8.447811
2131.5	4.722218
2175	0.000000
Torque_72.5Hz_219.393V
0	3.070702
45	3.130125
90	3.191857
135	3.256034
180	3.322801
225	3.392315
270	3.464746
315	3.540277
360	3.619106
405	3.701451
450	3.787544
495	3.877642
540	3.972021
585	4.070985
630	4.174866
675	4.284025
720	4.398861
765	4.519810
810	4.647351
855	4.782013
900	4.924378
945	5.075088
990	5.234853
1035	5.404458
1080	5.584771
1125	5.776751
1170	5.981459
1215	6.200067
1260	6.433863
1305	6.684258
1350	6.952787
1395	7.241100
1440	7.550941
1485	7.884098
1530	8.242319
1575	8.627158
1620	9.039714
1665	9.480195
1710	9.947198
1755	10.436512
1800	10.939172
1845	11.438274
1890	11.903876
1935	12.285013
1980	12.497868
2025	12.410157
2070	11.825865
2115	10.485130
2160	8.112626
2205	4.556409
2250	0.000000
Torque_75Hz_219.393V
0	2.792290
46.5	2.846503
93	2.902832
139.5	2.961402
186	3.022347
232.5	3.085812
279	3.151953
325.5	3.220940
372	3.292956
418.5	3.368202
465	3.446894
511.5	3.529268
558	3.615582
604.5	3.706118
651	3.801184
697.5	3.901117
744	4.006287
790.5	4.117103
837	4.234012
883.5	4.357508
930	4.488139
976.5	4.626507
1023	4.773283
1069.5	4.929207
1116	5.095102
1162.5	5.271882
1209	5.460561
1255.5	5.662262
1302	5.878230
1348.5	6.109838
1395	6.358591
1441.5	6.626129
1488	6.914207
1534.5	7.224668
1581	7.559373
1627.5	7.920080
1674	8.308226
1720.5	8.724550
1767	9.168469
1813.5	9.637006
1860	10.123020
1906.5	10.612258
1953	11.078513
1999.5	11.475869
2046	11.726836
2092.5	11.705966
2139	11.222317
2185.5	10.015125
2232	7.798015
2278.5	4.401051
2325	0.000000
Torque_77.5Hz_219.393V
0	2.546307
48	2.595892
96	2.647421
144	2.701008
192	2.756777
240	2.814862
288	2.875408
336	2.938571
384	3.004522
432	3.073446
480	3.145543
528	3.221033
576	3.300155
624	3.383170
672	3.470367
720	3.562057
768	3.658588
816	3.760339
864	3.867729
912	3.981222
960	4.101330
1008	4.228620
1056	4.363722
1104	4.507337
1152	4.660244
1200	4.823310
1248	4.997502
1296	5.183895
1344	5.383686
1392	5.598206
1440	5.828922
1488	6.077449
1536	6.345537
1584	6.635056
1632	6.947944
1680	7.286108
1728	7.651249
1776	8.044541
1824	8.466083
1872	8.913956
1920	9.382613
1968	9.860161
2016	10.323798
2064	10.732330
2112	11.014371
2160	11.051371
2208	10.658028
2256	9.573743
2304	7.502104
2352	4.255168
2400	0.000000
Torque_80Hz_219.393V
0	2.328197
49.5	2.373659
99	2.420909
148.5	2.470054
198	2.521208
247.5	2.574495
297	2.630048
346.5	2.688014
396	2.748549
445.5	2.811826
495	2.878031
544.5	2.947367
594	3.020057
643.5	3.096345
693	3.176497
742.5	3.260805
792	3.349593
841.5	3.443215
891	3.542064
940.5	3.646573
990	3.757223
1039.5	3.874547
1089	3.999138
1138.5	4.131657
1188	4.272840
1237.5	4.423511
1287	4.584589
1336.5	4.757102
1386	4.942199
1435.5	5.141160
1485	5.355414
1534.5	5.586537
1584	5.836264
1633.5	6.106468
1683	6.399134
1732.5	6.716276
1782	7.059798
1831.5	7.431224
1881	7.831221
1930.5	8.258769
1980	8.709707
2029.5	9.174241
2079	9.632661
2128.5	10.048160
2178	10.355201
2227.5	10.442123
2277	10.129721
2326.5	9.158564
2376	7.223247
2425.5	4.117901
2475	0.000000
Torque_82.5Hz_219.393V
0	2.134146
51	2.175923
102	2.219349
153	2.264522
204	2.311549
255	2.360543
306	2.411630
357	2.464944
408	2.520631
459	2.578851
510	2.639776
561	2.703597
612	2.770520
663	2.840772
714	2.914602
765	2.992282
816	3.074114
867	3.160430
918	3.251595
969	3.348018
1020	3.450148
1071	3.558487
1122	3.673593
1173	3.796089
1224	3.926672
1275	4.066121
1326	4.215310
1377	4.375220
1428	4.546949
1479	4.731731
1530	4.930945
1581	5.146129
1632	5.378985
1683	5.631378
1734	5.905312
1785	6.202875
1836	6.526124
1887	6.876860
1938	7.256219
1989	7.663943
2040	8.097076
2091	8.547677
2142	8.998834
2193	9.417804
2244	9.744616
2295	9.874421
2346	9.634479
2397	8.767447
2448	6.959989
2499	3.988493
2550	0.000000
Torque_85Hz_219.393V
0	1.960946
52.5	1.999421
105	2.039419
157.5	2.081032
210	2.124357
262.5	2.169501
315	2.216580
367.5	2.265719
420	2.317053
472.5	2.370732
525	2.426915
577.5	2.485780
630	2.547519
682.5	2.612344
735	2.680486
787.5	2.752200
840	2.827768
892.5	2.907499
945	2.991738
997.5	3.080866
1050	3.175305
1102.5	3.275527
1155	3.382056
1207.5	3.495482
1260	3.616461
1312.5	3.745733
1365	3.884126
1417.5	4.032574
1470	4.192129
1522.5	4.363972
1575	4.549434
1627.5	4.750008
1680	4.967356
1732.5	5.203322
1785	5.459911
1837.5	5.739255
1890	6.043522
1942.5	6.374731
1995	6.734402
2047.5	7.122920
2100	7.538368
2152.5	7.974444
2205	8.416755
2257.5	8.836305
2310	9.178393
2362.5	9.344857
2415	9.169692
2467.5	8.398486
2520	6.711041
2572.5	3.866273
2625	0.000000
Torque_87.5Hz_219.393V
0	1.805886
54	1.841393
108	1.878311
162	1.916722
216	1.956719
270	1.998401
324	2.041875
378	2.087257
432	2.134674
486	2.184264
540	2.236177
594	2.290578
648	2.347645
702	2.407577
756	2.470589
810	2.536921
864	2.606834
918	2.680620
972	2.758601
1026	2.841133
1080	2.928615
1134	3.021488
1188	3.120248
1242	3.225449
1296	3.337712
1350	3.457737
1404	3.586310
1458	3.724321
1512	3.872770
1566	4.032792
1620	4.205667
1674	4.392837
1728	4.595923
1782	4.816734
1836	5.057263
1890	5.319663
1944	5.606177
1998	5.918993
2052	6.259944
2106	6.629951
2160	7.027993
2214	7.449211
2268	7.881474
2322	8.299227
2376	8.652738
2430	8.850360
2484	8.733016
2538	8.049981
2592	6.475259
2646	3.750645
2700	0.000000
Torque_90Hz_219.393V
0	1.666665
55.5	1.699499
111	1.733640
166.5	1.769166
222	1.806164
277.5	1.844723
333	1.884946
388.5	1.926940
444	1.970822
499.5	2.016723
555	2.064780
610.5	2.115149
666	2.167997
721.5	2.223508
777	2.281883
832.5	2.343348
888	2.408146
943.5	2.476551
999	2.548865
1054.5	2.625422
1110	2.706596
1165.5	2.792804
1221	2.884511
1276.5	2.982240
1332	3.086578
1387.5	3.198188
1443	3.317815
1498.5	3.446304
1554	3.584611
1609.5	3.733820
1665	3.895160
1720.5	4.070023
1776	4.259982
1831.5	4.466806
1887	4.692462
1942.5	4.939107
1998	5.209033
2053.5	5.504551
2109	5.827744
2164.5	6.179986
2220	6.561019
2275.5	6.967250
2331	7.388577
2386.5	7.802595
2442	8.164234
2497.5	8.388159
2553	8.322336
2608.5	7.720407
2664	6.251619
2719.5	3.641077
2775	0.000000
Torque_92.5Hz_219.393V
0	1.541321
57	1.571740
114	1.603374
171	1.636294
228	1.670580
285	1.706318
342	1.743602
399	1.782531
456	1.823218
513	1.865780
570	1.910350
627	1.957070
684	2.006097
741	2.057604
798	2.111780
855	2.168833
912	2.228994
969	2.292519
1026	2.359690
1083	2.430823
1140	2.506268
1197	2.586417
1254	2.671709
1311	2.762639
1368	2.859759
1425	2.963697
1482	3.075161
1539	3.194952
1596	3.323982
1653	3.463287
1710	3.614044
1767	3.777595
1824	3.955462
1881	4.149369
1938	4.361249
1995	4.593246
2052	4.847678
2109	5.126947
2166	5.433332
2223	5.768578
2280	6.133085
2337	6.524364
2394	6.934124
2451	7.342839
2508	7.709798
2565	7.955743
2622	7.935741
2679	7.408391
2736	6.039208
2793	3.537095
2850	0.000000
Torque_95Hz_219.393V
0	1.428176
58.5	1.456409
117	1.485772
175.5	1.516332
234	1.548162
292.5	1.581345
351	1.615965
409.5	1.652118
468	1.689907
526.5	1.729443
585	1.770850
643.5	1.814260
702	1.859821
760.5	1.907694
819	1.958057
877.5	2.011104
936	2.067052
994.5	2.126141
1053	2.188637
1111.5	2.254835
1170	2.325066
1228.5	2.399698
1287	2.479147
1345.5	2.563876
1404	2.654411
1462.5	2.751343
1521	2.855346
1579.5	2.967179
1638	3.087712
1696.5	3.217933
1755	3.358970
1813.5	3.512113
1872	3.678832
1930.5	3.860803
1989	4.059917
2047.5	4.278294
2106	4.518260
2164.5	4.782276
2223	5.072775
2281.5	5.391807
2340	5.740328
2398.5	6.116815
2457	6.514592
2515.5	6.916750
2574	7.286641
2632.5	7.550836
2691	7.571497
2749.5	7.112696
2808	5.837201
2866.5	3.438270
2925	0.000000
Torque_97.5Hz_219.393V
0	1.325788
60	1.352038
120	1.379340
180	1.407757
240	1.437359
300	1.468221
360	1.500423
420	1.534054
480	1.569211
540	1.605998
600	1.644529
660	1.684931
720	1.727341
780	1.771909
840	1.818802
900	1.868203
960	1.920317
1020	1.975366
1080	2.033602
1140	2.095303
1200	2.160780
1260	2.230380
1320	2.304493
1380	2.383560
1440	2.468075
1500	2.558601
1560	2.655773
1620	2.760315
1680	2.873054
1740	2.994932
1800	3.127031
1860	3.270587
1920	3.427020
1980	3.597952
2040	3.785230
2100	3.990941
2160	4.217400
2220	4.467107
2280	4.742610
2340	5.046207
2400	5.379323
2460	5.741274
2520	6.126822
2580	6.521434
2640	6.892237
2700	7.171366
2760	7.228026
2820	6.832200
2880	5.644860
2940	3.344218
3000	0.000000
Torque_100Hz_219.393V
0	1.232915
61.5	1.257361
123	1.282789
184.5	1.309257
246	1.336831
307.5	1.365581
369	1.395583
430.5	1.426919
492	1.459680
553.5	1.493963
615	1.529877
676.5	1.567538
738	1.607076
799.5	1.648632
861	1.692363
922.5	1.738440
984	1.787056
1045.5	1.838420
1107	1.892768
1168.5	1.950363
1230	2.011496
1291.5	2.076496
1353	2.145732
1414.5	2.219618
1476	2.298623
1537.5	2.383278
1599	2.474188
1660.5	2.572040
1722	2.677619
1783.5	2.791826
1845	2.915695
1906.5	3.050412
1968	3.197344
2029.5	3.358059
2091	3.534358
2152.5	3.728283
2214	3.942133
2275.5	4.178422
2337	4.439781
2398.5	4.728707
2460	5.047023
2521.5	5.394769
2583	5.767980
2644.5	6.154281
2706	6.524293
2767.5	6.815445
2829	6.903888
2890.5	6.565883
2952	5.461515
3013.5	3.254594
3075	0.000000
Torque_102.5Hz_219.393V
0	1.148480
63	1.171283
126	1.195002
189	1.219695
252	1.245420
315	1.272245
378	1.300240
441	1.329483
504	1.360058
567	1.392058
630	1.425582
693	1.460742
756	1.497659
819	1.536465
882	1.577308
945	1.620349
1008	1.665767
1071	1.713762
1134	1.764556
1197	1.818394
1260	1.875553
1323	1.936342
1386	2.001110
1449	2.070248
1512	2.144200
1575	2.223470
1638	2.308629
1701	2.400332
1764	2.499327
1827	2.606471
1890	2.722752
1953	2.849310
2016	2.987457
2079	3.138710
2142	3.304815
2205	3.487772
2268	3.689846
2331	3.913554
2394	4.161583
2457	4.436586
2520	4.740716
2583	5.074641
2646	5.435522
2709	5.812933
2772	6.180726
2835	6.481348
2898	6.597767
2961	6.312819
3024	5.286560
3087	3.169083
3150	0.000000
Torque_105Hz_219.393V
0	1.071552
64.5	1.092854
129	1.115013
193.5	1.138083
258	1.162121
322.5	1.187186
387	1.213348
451.5	1.240678
516	1.269256
580.5	1.299168
645	1.330508
709.5	1.363381
774	1.397900
838.5	1.434191
903	1.472391
967.5	1.512652
1032	1.555145
1096.5	1.600055
1161	1.647591
1225.5	1.697988
1290	1.751503
1354.5	1.808431
1419	1.869099
1483.5	1.933879
1548	2.003191
1612.5	2.077511
1677	2.157383
1741.5	2.243427
1806	2.336357
1870.5	2.436989
1935	2.546268
1999.5	2.665285
2064	2.795302
2128.5	2.937782
2193	3.094418
2257.5	3.267160
2322	3.458235
2386.5	3.670148
2451	3.905619
2515.5	4.167422
2580	4.457983
2644.5	4.778509
2709	5.127156
2773.5	5.495255
2838	5.859641
2902.5	6.167500
2967	6.308457
3031.5	6.072159
3096	5.119444
3160.5	3.087401
3225	0.000000
Torque_107.5Hz_219.393V
0	1.001316
66	1.021245
132	1.041978
198	1.063563
264	1.086055
330	1.109512
396	1.133995
462	1.159574
528	1.186323
594	1.214323
660	1.243663
726	1.274441
792	1.306763
858	1.340748
924	1.376526
990	1.414239
1056	1.454047
1122	1.496128
1188	1.540676
1254	1.587913
1320	1.638083
1386	1.691464
1452	1.748365
1518	1.809139
1584	1.874181
1650	1.943946
1716	2.018949
1782	2.099779
1848	2.187114
1914	2.281735
1980	2.384544
2046	2.496584
2112	2.619070
2178	2.753410
2244	2.901242
2310	3.064465
2376	3.245264
2442	3.446117
2508	3.669761
2574	3.919060
2640	4.196662
2706	4.504237
2772	4.840817
2838	5.199316
2904	5.559310
2970	5.872455
3036	6.034848
3102	5.843126
3168	4.959667
3234	3.009290
3300	0.000000
Torque_110Hz_219.393V
0	0.937065
67.5	0.955735
135	0.975159
202.5	0.995384
270	1.016459
337.5	1.038440
405	1.061384
472.5	1.085357
540	1.110428
607.5	1.136674
675	1.164179
742.5	1.193034
810	1.223340
877.5	1.255209
945	1.288762
1012.5	1.324135
1080	1.361478
1147.5	1.400958
1215	1.442760
1282.5	1.487092
1350	1.534186
1417.5	1.584303
1485	1.637737
1552.5	1.694821
1620	1.755932
1687.5	1.821498
1755	1.892010
1822.5	1.968028
1890	2.050197
1957.5	2.139262
2025	2.236084
2092.5	2.341664
2160	2.457164
2227.5	2.583944
2295	2.723586
2362.5	2.877934
2430	3.049126
2497.5	3.239607
2565	3.452115
2632.5	3.689575
2700	3.954819
2767.5	4.249908
2835	4.574642
2902.5	4.923361
2970	5.278157
3037.5	5.594888
3105	5.775921
3172.5	5.625008
3240	4.806770
3307.5	2.934514
3375	0.000000
Torque_112.5Hz_219.393V
0	0.878175
69	0.895689
138	0.913913
207	0.932888
276	0.952662
345	0.973287
414	0.994817
483	1.017315
552	1.040844
621	1.065478
690	1.091296
759	1.118383
828	1.146836
897	1.176758
966	1.208266
1035	1.241486
1104	1.276560
1173	1.313647
1242	1.352920
1311	1.394578
1380	1.438838
1449	1.485948
1518	1.536187
1587	1.589869
1656	1.647352
1725	1.709043
1794	1.775407
1863	1.846978
1932	1.924371
2001	2.008294
2070	2.099571
2139	2.199159
2208	2.308176
2277	2.427927
2346	2.559943
2415	2.706011
2484	2.868219
2553	3.048971
2622	3.250992
2691	3.477251
2760	3.730720
2829	4.013794
2898	4.326949
2967	4.665796
3036	5.014741
3105	5.333582
3174	5.530736
3243	5.417149
3312	4.660336
3381	2.862857
3450	0.000000
Torque_115Hz_219.393V
0	0.824101
70.5	0.840553
141	0.857671
211.5	0.875497
282	0.894074
352.5	0.913451
423	0.933681
493.5	0.954820
564	0.976931
634.5	1.000081
705	1.024346
775.5	1.049806
846	1.076551
916.5	1.104681
987	1.134304
1057.5	1.165540
1128	1.198524
1198.5	1.233404
1269	1.270347
1339.5	1.309537
1410	1.351183
1480.5	1.395518
1551	1.442807
1621.5	1.493348
1692	1.547479
1762.5	1.605589
1833	1.668118
1903.5	1.735575
1974	1.808544
2044.5	1.887703
2115	1.973838
2185.5	2.067866
2256	2.170857
2326.5	2.284069
2397	2.408977
2467.5	2.547315
2538	2.701115
2608.5	2.872738
2679	3.064885
2749.5	3.280547
2820	3.522808
2890.5	3.794343
2961	4.096213
3031.5	4.425175
3102	4.767747
3172.5	5.087416
3243	5.298424
3313.5	5.218943
3384	4.519980
3454.5	2.794125
3525	0.000000
Torque_117.5Hz_219.393V
0	0.774362
72	0.789835
144	0.805936
216	0.822702
288	0.840176
360	0.858404
432	0.877434
504	0.897322
576	0.918125
648	0.939907
720	0.962739
792	0.986699
864	1.011870
936	1.038345
1008	1.066229
1080	1.095635
1152	1.126690
1224	1.159533
1296	1.194323
1368	1.231235
1440	1.270466
1512	1.312237
1584	1.356798
1656	1.404434
1728	1.455465
1800	1.510259
1872	1.569237
1944	1.632882
2016	1.701752
2088	1.776491
2160	1.857853
2232	1.946713
2304	2.044099
2376	2.151220
2448	2.269500
2520	2.400616
2592	2.546544
2664	2.709598
2736	2.892446
2808	3.098085
2880	3.329684
2952	3.590150
3024	3.881055
3096	4.200179
3168	4.535969
3240	4.855360
3312	5.078183
3384	5.029832
3456	4.385350
3528	2.728135
3600	0.000000
Torque_120Hz_219.393V
0	0.728534
73.5	0.743104
147	0.758265
220.5	0.774054
294	0.790510
367.5	0.807677
441	0.825600
514.5	0.844332
588	0.863927
661.5	0.884447
735	0.905956
808.5	0.928529
882	0.952246
955.5	0.977194
1029	1.003471
1102.5	1.031185
1176	1.060456
1249.5	1.091416
1323	1.124216
1396.5	1.159020
1470	1.196016
1543.5	1.235414
1617	1.277451
1690.5	1.322397
1764	1.370556
1837.5	1.422278
1911	1.477964
1984.5	1.538073
2058	1.603137
2131.5	1.673772
2205	1.750696
2278.5	1.834749
2352	1.926917
2425.5	2.028361
2499	2.140452
2572.5	2.264816
2646	2.403370
2719.5	2.558377
2793	2.732465
2866.5	2.928625
2940	3.150087
3013.5	3.399948
3087	3.680224
3160.5	3.989606
3234	4.318302
3307.5	4.636463
3381	4.869268
3454.5	4.849297
3528	4.256122
3601.5	2.664722
3675	0.000000
Torque_122.5Hz_219.393V
0	0.686242
75	0.699976
150	0.714269
225	0.729154
300	0.744669
375	0.760855
450	0.777756
525	0.795419
600	0.813898
675	0.833249
750	0.853535
825	0.874826
900	0.897197
975	0.920731
1050	0.945521
1125	0.971670
1200	0.999289
1275	1.028507
1350	1.059463
1425	1.092316
1500	1.127242
1575	1.164440
1650	1.204137
1725	1.246588
1800	1.292084
1875	1.340955
1950	1.393585
2025	1.450410
2100	1.511937
2175	1.578756
2250	1.651552
2325	1.731129
2400	1.818433
2475	1.914579
2550	2.020890
2625	2.138935
2700	2.270577
2775	2.418023
2850	2.583857
2925	2.771053
3000	2.982880
3075	3.222591
3150	3.492584
3225	3.792360
3300	4.113733
3375	4.429847
3450	4.670991
3525	4.676859
3600	4.131995
3675	2.603735
3750	0.000000
Torque_125Hz_219.393V
0	0.647150
76.5	0.660112
153	0.673601
229.5	0.687650
306	0.702294
382.5	0.717572
459	0.733525
535.5	0.750199
612	0.767644
688.5	0.785913
765	0.805067
841.5	0.825170
918	0.846294
994.5	0.868519
1071	0.891931
1147.5	0.916628
1224	0.942718
1300.5	0.970319
1377	0.999566
1453.5	1.030608
1530	1.063613
1606.5	1.098772
1683	1.136297
1759.5	1.176432
1836	1.219453
1912.5	1.265677
1989	1.315465
2065.5	1.369237
2142	1.427474
2218.5	1.490740
2295	1.559691
2371.5	1.635096
2448	1.717862
2524.5	1.809061
2601	1.909966
2677.5	2.022095
2754	2.147254
2830.5	2.287592
2907	2.445648
2983.5	2.624366
3060	2.827038
3136.5	3.057041
3213	3.317102
3289.5	3.607441
3366	3.921331
3442.5	4.234702
3519	4.482710
3595.5	4.512070
3672	4.012694
3748.5	2.545032
3825	0.000000
Torque_127.5Hz_219.393V
0	0.610964
78	0.623210
156	0.635954
234	0.649228
312	0.663065
390	0.677501
468	0.692575
546	0.708332
624	0.724818
702	0.742084
780	0.760187
858	0.779188
936	0.799156
1014	0.820165
1092	0.842299
1170	0.865650
1248	0.890319
1326	0.916419
1404	0.944079
1482	0.973440
1560	1.004662
1638	1.037924
1716	1.073431
1794	1.111413
1872	1.152134
1950	1.195894
2028	1.243039
2106	1.293968
2184	1.349142
2262	1.409098
2340	1.474463
2418	1.545974
2496	1.624502
2574	1.711077
2652	1.806924
2730	1.913509
2808	2.032583
2886	2.166237
2964	2.316958
3042	2.487656
3120	2.681631
3198	2.902356
3276	3.152837
3354	3.433932
3432	3.740242
3510	4.050279
3588	4.303830
3666	4.354515
3744	3.897961
3822	2.488485
3900	0.000000
Torque_130Hz_219.393V
0	0.577419
79.5	0.589000
159	0.601053
238.5	0.613607
318	0.626695
397.5	0.640349
477	0.654608
556.5	0.669513
636	0.685109
715.5	0.701443
795	0.718570
874.5	0.736548
954	0.755442
1033.5	0.775322
1113	0.796268
1192.5	0.818367
1272	0.841716
1351.5	0.866422
1431	0.892607
1510.5	0.920404
1590	0.949967
1669.5	0.981466
1749	1.015095
1828.5	1.051073
1908	1.089652
1987.5	1.131118
2067	1.175801
2146.5	1.224081
2226	1.276398
2305.5	1.333265
2385	1.395283
2464.5	1.463159
2544	1.537725
2623.5	1.619973
2703	1.711083
2782.5	1.812469
2862	1.925827
2941.5	2.053192
3021	2.196995
3100.5	2.360106
3180	2.545818
3259.5	2.757680
3339	2.998932
3418.5	3.270998
3498	3.569678
3577.5	3.875884
3657	4.133797
3736.5	4.203808
3816	3.787559
3895.5	2.433974
3975	0.000000
Torque_132.5Hz_219.393V
0	0.546279
81	0.557242
162	0.568653
243	0.580538
324	0.592929
405	0.605857
486	0.619358
567	0.633471
648	0.648239
729	0.663707
810	0.679926
891	0.696953
972	0.714847
1053	0.733678
1134	0.753519
1215	0.774454
1296	0.796574
1377	0.819982
1458	0.844793
1539	0.871135
1620	0.899153
1701	0.929010
1782	0.960889
1863	0.995001
1944	1.031584
2025	1.070911
2106	1.113297
2187	1.159105
2268	1.208755
2349	1.262739
2430	1.321630
2511	1.386106
2592	1.456966
2673	1.535162
2754	1.621832
2835	1.718339
2916	1.826325
2997	1.947769
3078	2.085044
3159	2.240975
3240	2.418839
3321	2.622236
3402	2.854607
3483	3.117870
3564	3.408916
3645	3.710874
3726	3.972096
3807	4.059585
3888	3.681267
3969	2.381387
4050	0.000000
Torque_135Hz_219.393V
0	0.517332
82.5	0.527721
165	0.538534
247.5	0.549797
330	0.561539
412.5	0.573791
495	0.586587
577.5	0.599963
660	0.613960
742.5	0.628621
825	0.643996
907.5	0.660136
990	0.677100
1072.5	0.694953
1155	0.713765
1237.5	0.733615
1320	0.754590
1402.5	0.776789
1485	0.800320
1567.5	0.825306
1650	0.851884
1732.5	0.880209
1815	0.910457
1897.5	0.942827
1980	0.977547
2062.5	1.014878
2145	1.055120
2227.5	1.098619
2310	1.145778
2392.5	1.197066
2475	1.253033
2557.5	1.314327
2640	1.381716
2722.5	1.456115
2805	1.538619
2887.5	1.630544
2970	1.733479
3052.5	1.849344
3135	1.980456
3217.5	2.129591
3300	2.299999
3382.5	2.495317
3465	2.719147
3547.5	2.973846
3630	3.257287
3712.5	3.554655
3795	3.818244
3877.5	3.921511
3960	3.578880
4042.5	2.330621
4125	0.000000
Torque_137.5Hz_219.393V
0	0.490391
84	0.500244
168	0.510500
252	0.521183
336	0.532321
420	0.543943
504	0.556081
588	0.568770
672	0.582049
756	0.595959
840	0.610545
924	0.625860
1008	0.641956
1092	0.658897
1176	0.676749
1260	0.695587
1344	0.715495
1428	0.736566
1512	0.758903
1596	0.782623
1680	0.807857
1764	0.834752
1848	0.863476
1932	0.894220
2016	0.927200
2100	0.962666
2184	1.000904
2268	1.042245
2352	1.087073
2436	1.135839
2520	1.189068
2604	1.247381
2688	1.311517
2772	1.382355
2856	1.460947
2940	1.548566
3024	1.646746
3108	1.757353
3192	1.882646
3276	2.025345
3360	2.188670
3444	2.376276
3528	2.591900
3612	2.838279
3696	3.114177
3780	3.406675
3864	3.671793
3948	3.789267
4032	3.480206
4116	2.281583
4200	0.000000
Torque_140Hz_219.393V
0	0.465283
85.5	0.474637
171	0.484373
256.5	0.494515
342	0.505089
427.5	0.516124
513	0.527648
598.5	0.539697
684	0.552305
769.5	0.565513
855	0.579365
940.5	0.593908
1026	0.609195
1111.5	0.625285
1197	0.642241
1282.5	0.660134
1368	0.679045
1453.5	0.699062
1539	0.720284
1624.5	0.742821
1710	0.766799
1795.5	0.792358
1881	0.819659
1966.5	0.848882
2052	0.880236
2137.5	0.913957
2223	0.950320
2308.5	0.989640
2394	1.032287
2479.5	1.078690
2565	1.129353
2650.5	1.184873
2736	1.245957
2821.5	1.313450
2907	1.388368
2992.5	1.471935
3078	1.565639
3163.5	1.671287
3249	1.791080
3334.5	1.927684
3420	2.084279
3505.5	2.264525
3591	2.472268
3676.5	2.710577
3762	2.979017
3847.5	3.266419
3933	3.532324
4018.5	3.662557
4104	3.385065
4189.5	2.234182
4275	0.000000
Torque_142.5Hz_219.393V
0	0.441857
87	0.450744
174	0.459995
261	0.469632
348	0.479680
435	0.490165
522	0.501116
609	0.512566
696	0.524548
783	0.537101
870	0.550266
957	0.564089
1044	0.578619
1131	0.593913
1218	0.610031
1305	0.627042
1392	0.645021
1479	0.664053
1566	0.684232
1653	0.705663
1740	0.728466
1827	0.752776
1914	0.778744
2001	0.806544
2088	0.836375
2175	0.868462
2262	0.903069
2349	0.940498
2436	0.981100
2523	1.025287
2610	1.073544
2697	1.126442
2784	1.184660
2871	1.249012
2958	1.320474
3045	1.400228
3132	1.489713
3219	1.590681
3306	1.705275
3393	1.836103
3480	1.986303
3567	2.159526
3654	2.359705
3741	2.590194
3828	2.851283
3915	3.133413
4002	3.399444
4089	3.541104
4176	3.293291
4263	2.188335
4350	0.000000
Torque_145Hz_219.393V
0	0.419973
88.5	0.428425
177	0.437222
265.5	0.446387
354	0.455942
442.5	0.465914
531	0.476329
619.5	0.487219
708	0.498616
796.5	0.510556
885	0.523078
973.5	0.536227
1062	0.550050
1150.5	0.564599
1239	0.579934
1327.5	0.596118
1416	0.613225
1504.5	0.631335
1593	0.650537
1681.5	0.670933
1770	0.692637
1858.5	0.715776
1947	0.740496
2035.5	0.766963
2124	0.795367
2212.5	0.825924
2301	0.858884
2389.5	0.894538
2478	0.933222
2566.5	0.975331
2655	1.021329
2743.5	1.071764
2832	1.127289
2920.5	1.188686
3009	1.256896
3097.5	1.333059
3186	1.418566
3274.5	1.515115
3363	1.624791
3451.5	1.750146
3540	1.894265
3628.5	2.060787
3717	2.253708
3805.5	2.476630
3894	2.730488
3982.5	3.007214
4071	3.272787
4159.5	3.424646
4248	3.204727
4336.5	2.143967
4425	0.000000
Torque_147.5Hz_219.393V
0	0.399508
90	0.407552
180	0.415924
270	0.424647
360	0.433742
450	0.443233
540	0.453147
630	0.463512
720	0.474361
810	0.485727
900	0.497648
990	0.510165
1080	0.523325
1170	0.537177
1260	0.551778
1350	0.567189
1440	0.583479
1530	0.600724
1620	0.619012
1710	0.638437
1800	0.659110
1890	0.681152
1980	0.704702
2070	0.729919
2160	0.756984
2250	0.786105
2340	0.817521
2430	0.851509
2520	0.888392
2610	0.928549
2700	0.972425
2790	1.020545
2880	1.073537
2970	1.132153
3060	1.197300
3150	1.270078
3240	1.351831
3330	1.444205
3420	1.549228
3510	1.669392
3600	1.807731
3690	1.967858
3780	2.153816
3870	2.369420
3960	2.616185
4050	2.887409
4140	3.152010
4230	3.312937
4320	3.119226
4410	2.101005
4500	0.000000
Torque_150Hz_219.393V
61.9105	17.362970
136.911	17.362970
211.911	17.362970
286.911	17.362970
361.911	17.362970
436.911	17.362970
511.911	17.362970
586.911	17.362970
661.911	17.362970
736.911	17.362970
811.911	17.362970
886.911	17.362970
961.911	17.362970
1036.91	17.362970
1111.91	17.362970
1186.91	17.362970
1261.91	17.362970
1336.91	17.362970
1411.91	17.362958
1481.1	16.551883
1549.96	15.816483
1618.44	15.147305
1686.45	14.536422
1753.85	13.977728
1820.49	13.466097
1886.1	12.997694
1950.2	12.570492
2011.9	12.184955
2068.81	11.849780
2096.95	11.683312
2170.94	11.007809
2244.99	10.389057
2319.09	9.820881
2393.25	9.297937
2467.45	8.815557
2541.7	8.369674
2615.99	7.956695
2690.31	7.573466
2764.67	7.217220
2839.06	6.885475
2913.48	6.576041
2987.93	6.286970
3062.4	6.016508
3136.9	5.763105
3211.42	5.525348
3285.96	5.301989
3360.52	5.091879
3435.1	4.894000
3509.7	4.707417
3584.31	4.531291
3658.94	4.364852
3733.58	4.207411
3808.23	4.058323
3882.9	3.917013
3957.58	3.782948
4032.28	3.655643
4106.98	3.534648
4181.69	3.419560
4256.42	3.309996
Output Torque
