Torque Curves with Flux-Weakening Control
Speed (rpm)
Torque (N.m)
0	2464.544294
0.75	2491.896788
1.5	2519.700058
2.25	2547.953332
3	2576.654203
3.75	2605.798354
4.5	2635.379252
5.25	2665.387780
6	2695.811830
6.75	2726.635816
7.5	2757.840127
8.25	2789.400484
9	2821.287199
9.75	2853.464322
10.5	2885.888640
11.25	2918.508529
12	2951.262603
12.75	2984.078153
13.5	3016.869325
14.25	3049.534983
15	3081.956222
15.75	3113.993446
16.5	3145.482939
17.25	3176.232847
18	3206.018429
18.75	3234.576478
19.5	3261.598720
20.25	3286.724013
21	3309.529108
21.75	3329.517686
22.5	3346.107349
23.25	3358.614146
24	3366.234163
24.75	3368.021613
25.5	3362.862741
26.25	3349.444760
27	3326.218923
27.75	3291.356684
28.5	3242.697824
29.25	3177.689345
30	3093.313963
30.75	2986.007216
31.5	2851.562680
32.25	2685.025690
33	2480.577638
33.75	2231.415659
34.5	1929.636953
35.25	1566.143784
36	1130.595210
36.75	611.445692
37.5	0.000000
Torque_2.5Hz_15.8394V
0	2017.660178
1.5	2048.319669
3	2079.848153
4.5	2112.277876
6	2145.642161
7.5	2179.975373
9	2215.312861
10.5	2251.690870
12	2289.146429
13.5	2327.717187
15	2367.441202
16.5	2408.356671
18	2450.501571
19.5	2493.913210
21	2538.627654
22.5	2584.679000
24	2632.098468
25.5	2680.913257
27	2731.145109
28.5	2782.808518
30	2835.908487
31.5	2890.437720
33	2946.373117
34.5	3003.671381
36	3062.263516
37.5	3122.047925
39	3182.881748
40.5	3244.569960
42	3306.851650
43.5	3369.382700
45	3431.713913
46.5	3493.263341
48	3553.281246
49.5	3610.805703
51	3664.606349
52.5	3713.113199
54	3754.326735
55.5	3785.704849
57	3804.021627
58.5	3805.192806
60	3784.063583
61.5	3734.157065
63	3647.387923
64.5	3513.758040
66	3321.073256
67.5	3054.757600
69	2697.898784
70.5	2231.737588
72	1636.902379
73.5	895.748255
75	0.000000
Torque_5Hz_27.0722V
0	1557.996754
2.25	1585.138098
4.5	1613.205522
6.75	1642.244945
9	1672.305151
11.25	1703.437991
13.5	1735.698588
15.75	1769.145566
18	1803.841274
20.25	1839.852038
22.5	1877.248405
24.75	1916.105398
27	1956.502773
29.25	1998.525261
31.5	2042.262802
33.75	2087.810746
36	2135.270004
38.25	2184.747138
40.5	2236.354333
42.75	2290.209235
45	2346.434574
47.25	2405.157496
49.5	2466.508505
51.75	2530.619846
54	2597.623145
56.25	2667.646020
58.5	2740.807288
60.75	2817.210252
63	2896.933362
65.25	2980.017266
67.5	3066.446903
69.75	3156.126757
72	3248.846663
74.25	3344.234521
76.5	3441.690822
78.75	3540.297922
81	3638.694180
83.25	3734.899414
85.5	3826.073213
87.75	3908.181731
90	3975.542175
92.25	4020.209560
94.5	4031.172852
96.75	3993.349565
99	3886.433896
101.25	3683.807658
103.5	3352.030923
105.75	2851.948469
108	2143.114636
110.25	1193.594145
112.5	0.000000
Torque_7.5Hz_38.3615V
0	1229.596448
3	1252.420417
6	1276.088008
9	1300.645736
12	1326.143497
15	1352.634863
18	1380.177409
21	1408.833084
24	1438.668603
27	1469.755891
30	1502.172574
33	1536.002506
36	1571.336369
39	1608.272314
42	1646.916681
45	1687.384775
48	1729.801720
51	1774.303387
54	1821.037385
57	1870.164137
60	1921.857989
63	1976.308382
66	2033.721003
69	2094.318893
72	2158.343415
75	2226.054937
78	2297.733048
81	2373.675982
84	2454.198798
87	2539.629639
90	2630.303018
93	2726.548601
96	2828.673138
99	2936.932013
102	3051.485014
105	3172.328117
108	3299.188637
111	3431.364333
114	3567.476540
117	3705.091447
120	3840.139921
123	3966.032965
126	4072.328165
129	4142.765610
132	4152.506495
135	4064.604816
138	3826.425817
141	3368.440551
144	2611.054782
147	1488.562874
150	0.000000
Torque_10Hz_49.669V
0	1002.463264
3.75	1021.706261
7.5	1041.690019
11.25	1062.457525
15	1084.055097
18.75	1106.532714
22.5	1129.944368
26.25	1154.348469
30	1179.808295
33.75	1206.392493
37.5	1234.175648
41.25	1263.238914
45	1293.670729
48.75	1325.567622
52.5	1359.035118
56.25	1394.188766
60	1431.155297
63.75	1470.073935
67.5	1511.097881
71.25	1554.395991
75	1600.154674
78.75	1648.580031
82.5	1699.900263
86.25	1754.368372
90	1812.265159
93.75	1873.902528
97.5	1939.627069
101.25	2009.823835
105	2084.920191
108.75	2165.389423
112.5	2251.753662
116.25	2344.585263
120	2444.505272
123.75	2552.176653
127.5	2668.288410
131.25	2793.524183
135	2928.504565
138.75	3073.685049
142.5	3229.179052
146.25	3394.454018
150	3567.811937
153.75	3745.503376
157.5	3920.221536
161.25	4078.565089
165	4196.857133
168.75	4234.596762
172.5	4125.349870
176.25	3767.689226
180	3027.179940
183.75	1775.642863
187.5	0.000000
Torque_12.5Hz_60.9848V
0	840.836770
4.5	857.300570
9	874.413009
13.5	892.212813
18	910.741821
22.5	930.045293
27	950.172273
31.5	971.175975
36	993.114239
40.5	1016.050030
45	1040.052011
49.5	1065.195190
54	1091.561654
58.5	1119.241407
63	1148.333326
67.5	1178.946252
72	1211.200242
76.5	1245.228010
81	1281.176585
85.5	1319.209219
90	1359.507602
94.5	1402.274420
99	1447.736325
103.5	1496.147385
108	1547.793088
112.5	1602.994991
117	1662.116116
121.5	1725.567172
126	1793.813714
130.5	1867.384263
135	1946.879397
139.5	2032.981617
144	2126.465542
148.5	2228.207442
153	2339.192139
157.5	2460.513541
162	2593.361817
166.5	2738.984266
171	2898.595910
175.5	3073.195187
180	3263.201163
184.5	3467.754608
189	3683.384443
193.5	3901.477949
198	4103.527591
202.5	4252.426078
207	4277.559872
211.5	4053.528817
216	3385.383944
220.5	2051.994891
225	0.000000
Torque_15Hz_72.3053V
0	721.560458
5.25	735.871244
10.5	750.754014
15.75	766.243518
21	782.377356
26.25	799.196276
31.5	816.744502
36.75	835.070119
42	854.225488
47.25	874.267736
52.5	895.259297
57.75	917.268540
63	940.370483
68.25	964.647601
73.5	990.190774
78.75	1017.100357
84	1045.487432
89.25	1075.475251
94.5	1107.200912
99.75	1140.817317
105	1176.495458
110.25	1214.427100
115.5	1254.827935
120.75	1297.941307
126	1344.042621
131.25	1393.444575
136.5	1446.503379
141.75	1503.626174
147	1565.279873
152.25	1632.001712
157.5	1704.411790
162.75	1783.227920
168	1869.283014
173.25	1963.545085
178.5	2067.139471
183.75	2181.371992
189	2307.749742
194.25	2447.992283
199.5	2604.017894
204.75	2777.873155
210	2971.540393
215.25	3186.487497
220.5	3422.677277
225.75	3676.442061
231	3935.978116
236.25	4171.927547
241.5	4318.420811
246.75	4238.944616
252	3684.090571
257.25	2315.606651
262.5	0.000000
Torque_17.5Hz_83.6286V
0	630.553627
6	643.171918
12	656.299366
18	669.967257
24	684.209481
30	699.062804
36	714.567178
42	730.766093
48	747.706970
54	765.441619
60	784.026746
66	803.524548
72	824.003380
78	845.538535
84	868.213136
90	892.119164
96	917.358664
102	944.045132
108	972.305150
114	1002.280295
120	1034.129389
126	1068.031157
132	1104.187380
138	1142.826649
144	1184.208861
150	1228.630607
156	1276.431686
162	1328.002976
168	1383.796013
174	1444.334667
180	1510.229422
186	1582.194866
192	1661.071108
198	1747.849924
204	1843.706424
210	1950.036767
216	2068.501656
222	2201.073193
228	2350.077772
234	2518.216378
240	2708.518335
246	2924.127013
252	3167.684181
258	3439.772680
264	3735.155878
270	4033.878922
276	4280.705945
282	4340.831074
288	3924.950868
294	2564.963955
300	0.000000
Torque_20Hz_94.954V
0	559.110691
6.75	570.374183
13.5	582.095173
20.25	594.301997
27	607.025369
33.75	620.298636
40.5	634.158063
47.25	648.643160
54	663.797049
60.75	679.666886
67.5	696.304339
74.25	713.766137
81	732.114703
87.75	751.418879
94.5	771.754767
101.25	793.206703
108	815.868391
114.75	839.844227
121.5	865.250856
128.25	892.218994
135	920.895594
141.75	951.446412
148.5	984.059066
155.25	1018.946703
162	1056.352413
168.75	1096.554574
175.5	1139.873343
182.25	1186.678607
189	1237.399739
195.75	1292.537671
202.5	1352.679872
209.25	1418.519062
216	1490.876640
222.75	1570.732158
229.5	1659.260385
236.25	1757.877826
243	1868.300604
249.75	1992.615024
256.5	2133.359909
263.25	2293.613346
270	2477.059709
276.75	2687.970592
283.5	2930.927126
290.25	3209.841315
297	3525.136303
303.75	3866.123528
310.5	4190.975230
317.25	4376.529383
324	4111.839765
330.75	2798.942087
337.5	0.000000
Torque_22.5Hz_106.281V
0	501.666497
7.5	511.826159
15	522.400455
22.5	533.415209
30	544.898432
37.5	556.880550
45	569.394671
52.5	582.476888
60	596.166620
67.5	610.507003
75	625.545333
82.5	641.333583
90	657.928989
97.5	675.394728
105	693.800707
112.5	713.224480
120	733.752307
127.5	755.480409
135	778.516432
142.5	802.981183
150	829.010679
157.5	856.758598
165	886.399206
172.5	918.130879
180	952.180364
187.5	988.807961
195	1028.313861
202.5	1071.045942
210	1117.409431
217.5	1167.878935
225	1223.013548
232.5	1283.475914
240	1350.056474
247.5	1423.704469
255	1505.567810
262.5	1597.044538
270	1699.849329
277.5	1816.099056
285	1948.421368
292.5	2100.087785
300	2275.163690
307.5	2478.640046
315	2716.433645
322.5	2994.924469
330	3319.081438
337.5	3686.448206
345	4069.110160
352.5	4361.852202
360	4249.998021
367.5	3016.756264
375	0.000000
Torque_25Hz_117.609V
0	454.536647
8.25	463.782357
16.5	473.406740
24.75	483.433482
33	493.888281
41.25	504.799064
49.5	516.196232
57.75	528.112943
66	540.585428
74.25	553.653351
82.5	567.360232
90.75	581.753918
99	596.887132
107.25	612.818114
115.5	629.611350
123.75	647.338435
132	666.079067
140.25	685.922229
148.5	706.967562
156.75	729.327005
165	753.126737
173.25	778.509495
181.5	805.637356
189.75	834.695098
198	865.894268
206.25	899.478161
214.5	935.727921
222.75	974.970089
231	1017.586004
239.25	1064.023578
247.5	1114.812180
255.75	1170.581579
264	1232.086263
272.25	1300.236892
280.5	1376.141332
288.75	1461.158551
297	1556.969878
305.25	1665.673553
313.5	1789.910032
321.75	1933.026253
330	2099.284251
338.25	2294.104737
346.5	2524.284647
354.75	2797.963915
363	3123.606074
371.25	3505.642614
379.5	3929.231674
387.75	4310.210324
396	4345.330914
404.25	3217.928072
412.5	0.000000
Torque_27.5Hz_128.938V
0	415.201295
9	423.679356
18	432.505591
27	441.701850
36	451.291843
45	461.301345
54	471.758427
63	482.693712
72	494.140675
81	506.135980
90	518.719867
99	531.936599
108	545.834976
117	560.468926
126	575.898198
135	592.189163
144	609.415754
153	627.660567
162	647.016166
171	667.586617
180	689.489329
189	712.857239
198	737.841457
207	764.614446
216	793.373907
225	824.347517
234	857.798781
243	894.034275
252	933.412706
261	976.356323
270	1023.365392
279	1075.036742
288	1132.087729
297	1195.387489
306	1265.998106
315	1345.229348
324	1434.712151
333	1536.498068
342	1653.194650
351	1788.149902
360	1945.701084
369	2131.498957
378	2352.889984
387	2619.226301
396	2941.575484
405	3329.916357
414	3780.989895
423	4232.436305
432	4403.878237
441	3402.254786
450	0.000000
Torque_30Hz_140.269V
0	381.886267
9.75	389.711368
19.5	397.858510
29.25	406.347950
39	415.201681
48.75	424.443613
58.5	434.099795
68.25	444.198650
78	454.771259
87.75	465.851671
97.5	477.477272
107.25	489.689199
117	502.532820
126.75	516.058294
136.5	530.321214
146.25	545.383364
156	561.313602
165.75	578.188894
175.5	596.095544
185.25	615.130641
195	635.403792
204.75	657.039198
214.5	680.178144
224.25	704.982030
234	731.636045
243.75	760.353693
253.5	791.382364
263.25	825.010271
273	861.575136
282.75	901.475173
292.5	945.183075
302.25	993.264006
312	1046.398970
321.75	1105.415480
331.5	1171.328232
341.25	1245.393674
351	1329.184066
360.75	1424.689093
370.5	1534.456758
380.25	1661.790210
390	1811.023169
399.75	1987.900925
409.5	2200.084463
419.25	2457.727687
429	2773.787558
438.75	3162.593000
448.5	3630.767796
458.25	4136.980878
468	4431.448322
477.75	3569.777807
487.5	0.000000
Torque_32.5Hz_151.6V
0	353.309961
10.5	360.573444
21	368.136356
31.5	376.017574
42	384.237588
52.5	392.818684
63	401.785143
73.5	411.163467
84	420.982642
94.5	431.274430
105	442.073716
115.5	453.418891
126	465.352314
136.5	477.920825
147	491.176362
157.5	505.176665
168	519.986109
178.5	535.676682
189	552.329139
199.5	570.034375
210	588.895057
220.5	609.027589
231	630.564473
241.5	653.657178
252	678.479637
262.5	705.232540
273	734.148654
283.5	765.499439
294	799.603361
304.5	836.836428
315	877.645649
325.5	922.566397
336	972.245065
346.5	1027.468914
357	1089.205895
367.5	1158.658424
378	1237.336943
388.5	1327.161906
399	1430.607053
409.5	1550.903109
420	1692.330034
430.5	1860.636789
441	2063.633945
451.5	2311.975088
462	2619.949972
472.5	3005.227624
483	3482.648719
493.5	4030.266048
504	4433.391961
514.5	3720.749793
525	0.000000
Torque_35Hz_162.932V
0	328.525461
11.25	335.301115
22.5	342.356471
33.75	349.709186
45	357.378436
56.25	365.385078
67.5	373.751840
78.75	382.503534
90	391.667301
101.25	401.272890
112.5	411.352978
123.75	421.943540
135	433.084271
146.25	444.819084
157.5	457.196679
168.75	470.271213
180	484.103089
191.25	498.759872
202.5	514.317386
213.75	530.861006
225	548.487211
236.25	567.305435
247.5	587.440314
258.75	609.034402
270	632.251498
281.25	657.280728
292.5	684.341615
303.75	713.690385
315	745.627926
326.25	780.509864
337.5	818.759493
348.75	860.884488
360	907.498774
371.25	959.351452
382.5	1017.365550
393.75	1082.690621
405	1156.775147
416.25	1241.467700
427.5	1339.160478
438.75	1452.996062
450	1587.169394
461.25	1747.373026
472.5	1941.452473
483.75	2180.341078
495	2479.235358
506.25	2858.319684
517.5	3339.137768
528.75	3917.070181
540	4414.484961
551.25	3855.601177
562.5	0.000000
Torque_37.5Hz_174.264V
0	306.819058
12	313.167270
24	319.777831
36	326.667327
48	333.853767
60	341.356747
72	349.197620
84	357.399702
96	365.988502
108	374.991983
120	384.440866
132	394.368978
144	404.813655
156	415.816203
168	427.422446
180	439.683355
192	452.655788
204	466.403368
216	480.997516
228	496.518675
240	513.057781
252	530.718022
264	549.616969
276	569.889158
288	591.689252
300	615.195930
312	640.616716
324	668.194001
336	698.212643
348	731.009622
360	766.986432
372	806.625145
384	850.509487
396	899.352780
408	954.035518
420	1015.656567
432	1085.604000
444	1165.654671
456	1258.116589
468	1366.036064
480	1493.504385
492	1646.118708
504	1831.680618
516	2061.244366
528	2350.590576
540	2721.758491
552	3201.677191
564	3800.883276
576	4378.888356
588	3974.907144
600	0.000000
Torque_40Hz_185.598V
0	287.643246
12.75	293.614008
25.5	299.831750
38.25	306.312101
51	313.072038
63.75	320.130030
76.5	327.506211
89.25	335.222562
102	343.303137
114.75	351.774309
127.5	360.665056
140.25	370.007289
153	379.836234
165.75	390.190874
178.5	401.114460
191.25	412.655109
204	424.866512
216.75	437.808760
229.5	451.549323
242.25	466.164218
255	481.739400
267.75	498.372440
280.5	516.174542
293.25	535.273010
306	555.814252
318.75	577.967489
331.5	601.929361
344.25	627.929679
357	656.238691
369.75	687.176322
382.5	721.124059
395.25	758.540386
408	799.981054
420.75	846.126051
433.5	897.815944
446.25	956.101572
459	1022.313075
471.75	1098.157392
484.5	1185.858535
497.25	1288.363303
510	1409.649043
522.75	1555.193005
535.5	1732.699300
548.25	1953.229187
561	2232.904758
573.75	2595.097601
586.5	3071.005146
599.25	3684.208280
612	4330.159745
624.75	4079.356076
637.5	0.000000
Torque_42.5Hz_196.932V
0	270.571378
13.5	276.206512
27	282.074922
40.5	288.191387
54	294.571957
67.5	301.234095
81	308.196840
94.5	315.480981
108	323.109270
121.5	331.106653
135	339.500545
148.5	348.321139
162	357.601771
175.5	367.379334
189	377.694769
202.5	388.593633
216	400.126765
229.5	412.351076
243	425.330482
256.5	439.137008
270	453.852119
283.5	469.568309
297	486.391032
310.5	504.441043
324	523.857270
337.5	544.800352
351	567.457033
364.5	592.045667
378	618.823164
391.5	648.093848
405	680.220848
418.5	715.640927
432	754.883982
445.5	798.599043
459	847.589381
472.5	902.860656
486	965.687994
499.5	1037.711142
513	1121.072024
526.5	1218.617778
540	1334.207063
553.5	1473.182612
567	1643.115451
580.5	1854.992882
594	2125.097013
607.5	2477.721607
621	2947.401363
634.5	3568.804291
648	4271.295155
661.5	4169.720291
675	0.000000
Torque_45Hz_208.267V
0	255.266291
14.25	260.601113
28.5	266.156926
42.75	271.947739
57	277.988770
71.25	284.296580
85.5	290.889220
99.75	297.786408
114	305.009722
128.25	312.582824
142.5	320.531721
156.75	328.885058
171	337.674466
185.25	346.934955
199.5	356.705382
213.75	367.028988
228	377.954041
242.25	389.534577
256.5	401.831297
270.75	414.912614
285	428.855926
299.25	443.749127
313.5	459.692454
327.75	476.800716
342	495.206042
356.25	515.061257
370.5	536.544089
384.75	559.862433
399	585.261004
413.25	613.029828
427.5	643.515176
441.75	677.133809
456	714.391740
470.25	755.909290
484.5	802.454987
498.75	854.992154
513	914.744008
527.25	983.286287
541.5	1062.681731
555.75	1155.679603
570	1266.018767
584.25	1398.899606
598.5	1561.737142
612.75	1765.387848
627	2026.158890
641.25	2368.945957
655.5	2830.853461
669.75	3455.876830
684	4204.786555
698.25	4246.829665
712.5	0.000000
Torque_47.5Hz_219.603V
0	241.458676
15	246.523278
30	251.797796
45	257.295544
60	263.030991
75	269.019877
90	275.279365
105	281.828201
120	288.686903
135	295.877971
150	303.426138
165	311.358649
180	319.705589
195	328.500262
210	337.779637
225	347.584858
240	357.961856
255	368.962063
270	380.643257
285	393.070574
300	406.317711
315	420.468382
330	435.618071
345	451.876172
360	469.368613
375	488.241089
390	508.663085
405	530.832927
420	554.984156
435	581.393673
450	610.392247
465	642.378199
480	677.835473
495	717.357775
510	761.681302
525	811.729805
540	868.677691
555	934.040073
570	1009.803948
585	1098.623673
600	1204.119582
615	1331.346510
630	1487.549542
645	1683.415103
660	1935.175718
675	2268.080049
690	2721.174222
705	3346.230565
720	4132.693609
735	4311.557412
750	0.000000
Torque_50Hz_230.94V
0	207.254412
15.75	211.634035
31.5	216.195271
47.25	220.949647
63	225.909686
78.75	231.089018
94.5	236.502501
110.25	242.166367
126	248.098383
141.75	254.318035
157.5	260.846740
173.25	267.708097
189	274.928165
204.75	282.535795
220.5	290.563013
236.25	299.045470
252	308.022965
267.75	317.540072
283.5	327.646870
299.25	338.399824
315	349.862829
330.75	362.108478
346.5	375.219584
362.25	389.291047
378	404.432128
393.75	420.769273
409.5	438.449615
425.25	457.645374
441	478.559418
456.75	501.432370
472.5	526.551787
488.25	554.264119
504	584.990524
519.75	619.248013
535.5	657.678164
551.25	701.086715
567	750.499115
582.75	807.239997
598.5	873.049264
614.25	950.255732
630	1042.043646
645.75	1152.873496
661.5	1289.166838
677.25	1460.454886
693	1681.352255
708.75	1974.945282
724.5	2378.010813
740.25	2943.430678
756	3685.138761
771.75	3965.071684
787.5	0.000000
Torque_52.5Hz_230.94V
0	178.870185
16.5	182.682818
33	186.653618
49.5	190.792630
66	195.110766
82.5	199.619903
99	204.332989
115.5	209.264172
132	214.428936
148.5	219.844263
165	225.528825
181.5	231.503193
198	237.790083
214.5	244.414651
231	251.404821
247.5	258.791681
264	266.609941
280.5	274.898475
297	283.700969
313.5	293.066680
330	303.051359
346.5	313.718351
363	325.139935
379.5	337.398949
396	350.590788
412.5	364.825874
429	380.232722
445.5	396.961802
462	415.190407
478.5	435.128902
495	457.028769
511.5	481.193126
528	507.990631
544.5	537.874099
561	571.405809
577.5	609.292448
594	652.434232
610.5	701.995295
627	759.506794
643.5	827.021599
660	907.352676
676.5	1004.451510
693	1124.028505
709.5	1274.604829
726	1469.351212
742.5	1729.345242
759	2088.991011
775.5	2600.916775
792	3297.051586
808.5	3652.978540
825	0.000000
Torque_55Hz_230.94V
0	155.098334
17.25	158.437648
34.5	161.915545
51.75	165.540829
69	169.323066
86.25	173.272666
103.5	177.400983
120.75	181.720418
138	186.244547
155.25	190.988262
172.5	195.967934
189.75	201.201600
207	206.709183
224.25	212.512746
241.5	218.636778
258.75	225.108550
276	231.958508
293.25	239.220759
310.5	246.933630
327.75	255.140345
345	263.889830
362.25	273.237682
379.5	283.247348
396.75	293.991555
414	305.554070
431.25	318.031870
448.5	331.537848
465.75	346.204207
483	362.186766
500.25	379.670453
517.5	398.876417
534.75	420.071312
552	443.579583
569.25	469.799933
586.5	499.227728
603.75	532.485972
621	570.368909
638.25	613.904621
655.5	664.446905
672.75	723.813496
690	794.499810
707.25	880.019805
724.5	985.468300
741.75	1118.483052
759	1290.950607
776.25	1522.104837
793.5	1843.984790
810.75	2308.060230
828	2959.226175
845.25	3371.090602
862.5	0.000000
Torque_57.5Hz_230.94V
0	135.018698
18	137.959816
36	141.023031
54	144.216102
72	147.547461
90	151.026285
108	154.662581
126	158.467280
144	162.452351
162	166.630922
180	171.017426
198	175.627767
216	180.479511
234	185.592111
252	190.987165
270	196.688721
288	202.723633
306	209.121983
324	215.917581
342	223.148557
360	230.858079
378	239.095204
396	247.915923
414	257.384425
432	267.574652
450	278.572225
468	290.476828
486	303.405227
504	317.495068
522	332.909759
540	349.844765
558	368.535849
576	389.269973
594	412.399931
612	438.364265
630	467.714836
648	501.155680
666	539.598876
684	584.246705
702	636.715524
720	699.227914
738	774.920292
756	868.353120
774	986.390570
792	1139.778877
810	1346.072680
828	1635.021122
846	2056.354790
864	2664.059275
882	3115.853470
900	0.000000
Torque_60Hz_230.94V
0	117.921885
18.75	120.525614
37.5	123.237463
56.25	126.064308
75	129.013618
93.75	132.093521
112.5	135.312883
131.25	138.681389
150	142.209644
168.75	145.909278
187.5	149.793081
206.25	153.875144
225	158.171035
243.75	162.697992
262.5	167.475157
281.25	172.523842
300	177.867850
318.75	183.533848
337.5	189.551805
356.25	195.955528
375	202.783289
393.75	210.078591
412.5	217.891085
431.25	226.277704
450	235.304037
468.75	245.046041
487.5	255.592168
506.25	267.046042
525	279.529842
543.75	293.188645
562.5	308.196032
581.25	324.761431
600	343.139832
618.75	363.644839
637.5	386.666450
656.25	412.695689
675	442.359368
693.75	476.470119
712.5	516.100099
731.25	562.692359
750	618.234011
768.75	685.534427
787.5	768.688800
806.25	873.882675
825	1010.850132
843.75	1195.623838
862.5	1455.776880
881.25	1838.948290
900	2405.242452
918.75	2884.226155
937.5	0.000000
Torque_62.5Hz_230.94V
0	103.255065
19.5	105.571046
39	107.983223
58.5	110.497714
78	113.121167
97.5	115.860817
117	118.724555
136.5	121.721001
156	124.859595
175.5	128.150689
195	131.605668
214.5	135.237077
234	139.058775
253.5	143.086109
273	147.336122
292.5	151.827790
312	156.582308
331.5	161.623422
351	166.977822
370.5	172.675618
390	178.750898
409.5	185.242411
429	192.194392
448.5	199.657563
468	207.690368
487.5	216.360496
507	225.746783
526.5	235.941601
546	247.053882
565.5	259.212998
585	272.573774
604.5	287.323053
624	303.688397
643.5	321.949765
663	342.455452
682.5	365.644176
702	392.076279
721.5	422.478696
741	457.811290
760.5	499.367251
780	548.929591
799.5	609.023283
819	683.337112
838.5	777.460012
858	900.227265
877.5	1066.296180
897	1301.197679
916.5	1650.286528
936	2177.518916
955.5	2673.588911
975	0.000000
Torque_65Hz_230.94V
0	90.583121
20.25	92.652199
40.5	94.807237
60.75	97.053704
81	99.397541
101.25	101.845217
121.5	104.403784
141.75	107.080950
162	109.885150
182.25	112.825642
202.5	115.912603
222.75	119.157249
243	122.571971
263.25	126.170490
283.5	129.968046
303.75	133.981608
324	138.230129
344.25	142.734845
364.5	147.519626
384.75	152.611402
405	158.040665
425.25	163.842077
445.5	170.055211
465.75	176.725448
486	183.905082
506.25	191.654689
526.5	200.044827
546.75	209.158178
567	219.092266
587.25	229.962933
607.5	241.908838
627.75	255.097355
648	269.732382
668.25	286.064843
688.5	304.407018
708.75	325.152418
729	348.803891
749.25	376.014162
769.5	407.645718
789.75	444.861590
810	489.267135
830.25	543.139071
850.5	609.810038
870.75	694.343212
891	804.774921
911.25	954.521637
931.5	1167.214031
951.75	1485.840510
972	1976.490144
992.25	2481.671231
1012.5	0.000000
Torque_67.5Hz_230.94V
0	79.560428
21	81.416457
42	83.349611
63	85.364797
84	87.467348
105	89.663068
126	91.958288
147	94.359923
168	96.875548
189	99.513469
210	102.282822
231	105.193675
252	108.257150
273	111.485566
294	114.892602
315	118.493492
336	122.305254
357	126.346953
378	130.640023
399	135.208645
420	140.080200
441	145.285817
462	150.861039
483	156.846627
504	163.289555
525	170.244244
546	177.774088
567	185.953385
588	194.869780
609	204.627397
630	215.350893
651	227.190768
672	240.330407
693	254.995548
714	271.467215
735	290.099662
756	311.345764
777	335.793688
798	364.221109
819	397.677522
840	437.613022
861	486.086824
882	546.118463
903	622.306611
924	721.976400
945	857.425600
966	1050.526989
987	1341.896128
1008	1798.461222
1029	2306.494881
1050	0.000000
Torque_70Hz_230.94V
0	69.910108
21.75	71.581339
43.5	73.322028
65.25	75.136595
87	77.029845
108.75	79.007006
130.5	81.073781
152.25	83.236401
174	85.501687
195.75	87.877126
217.5	90.370946
239.25	92.992219
261	95.750965
282.75	98.658284
304.5	101.726503
326.25	104.969348
348	108.402153
369.75	112.042101
391.5	115.908507
413.25	120.023165
435	124.410753
456.75	129.099332
478.5	134.120938
500.25	139.512318
522	145.315823
543.75	151.580520
565.5	158.363574
587.25	165.731990
609	173.764820
630.75	182.555989
652.5	192.217967
674.25	202.886560
696	214.727284
717.75	227.943932
739.5	242.790276
761.25	259.586319
783	278.741313
804.75	300.787014
826.5	326.426915
848.25	356.611071
870	392.653365
891.75	436.421761
913.5	490.659652
935.25	559.554256
957	649.796562
978.75	772.675773
1000.5	948.444925
1022.25	1215.390913
1044	1640.316496
1065.75	2146.328271
1087.5	0.000000
Torque_72.5Hz_230.94V
0	61.408598
22.5	62.918752
45	64.491680
67.5	66.131378
90	67.842188
112.5	69.628836
135	71.496479
157.5	73.450748
180	75.497811
202.5	77.644435
225	79.898061
247.5	82.266889
270	84.759979
292.5	87.387368
315	90.160199
337.5	93.090886
360	96.193294
382.5	99.482960
405	102.977352
427.5	106.696180
450	110.661763
472.5	114.899480
495	119.438309
517.5	124.311489
540	129.557335
562.5	135.220237
585	141.351918
607.5	148.013009
630	155.275052
652.5	163.223060
675	171.958841
697.5	181.605354
720	192.312479
742.5	204.264799
765	217.692223
787.5	232.884747
810	250.213378
832.5	270.160379
855	293.364096
877.5	320.687153
900	353.323487
922.5	392.972321
945	442.132738
967.5	504.626535
990	586.578213
1012.5	698.367273
1035	858.758266
1057.5	1103.786525
1080	1499.419136
1102.5	1999.649528
1125	0.000000
Torque_75Hz_230.94V
0	53.874051
23.25	55.243166
46.5	56.669200
69.75	58.155778
93	59.706838
116.25	61.326665
139.5	63.019937
162.75	64.791761
186	66.647731
209.25	68.593984
232.5	70.637270
255.75	72.785027
279	75.045473
302.25	77.427711
325.5	79.941850
348.75	82.599152
372	85.412194
395.25	88.395072
418.5	91.563633
441.75	94.935760
465	98.531703
488.25	102.374491
511.5	106.490418
534.75	110.909650
558	115.666956
581.25	120.802626
604.5	126.363609
627.75	132.404942
651	138.991573
674.25	146.200692
697.5	154.124747
720.75	162.875409
744	172.588823
767.25	183.432689
790.5	195.615931
813.75	209.402151
837	225.128691
860.25	243.234223
883.5	264.299659
906.75	289.110472
930	318.754601
953.25	354.781890
976.5	399.474621
999.75	456.329198
1023	530.963075
1046.25	632.934555
1069.5	779.642626
1092.75	1004.968551
1116	1373.529641
1139.25	1865.116269
1162.5	0.000000
Torque_77.5Hz_230.94V
0	47.157536
24	48.402629
48	49.699493
72	51.051425
96	52.462006
120	53.935136
144	55.475068
168	57.086451
192	58.774372
216	60.544417
240	62.402724
264	64.356061
288	66.411906
312	68.578540
336	70.865163
360	73.282021
384	75.840558
408	78.553601
432	81.435572
456	84.502742
480	87.773544
504	91.268933
528	95.012844
552	99.032732
576	103.360248
600	108.032067
624	113.090930
648	118.586949
672	124.579261
696	131.138158
720	138.347837
744	146.310015
768	155.148723
792	165.016762
816	176.104536
840	188.652338
864	202.967767
888	219.450958
912	238.632012
936	261.228073
960	288.233101
984	321.064274
1008	361.810918
1032	413.678935
1056	481.831010
1080	575.083350
1104	709.583367
1128	917.167298
1152	1260.739446
1176	1741.540644
1200	0.000000
Torque_80Hz_230.94V
0	41.136291
24.75	42.271892
49.5	43.454717
74.25	44.687772
99	45.974328
123.75	47.317940
148.5	48.722490
173.25	50.192219
198	51.731768
222.75	53.346232
247.5	55.041214
272.25	56.822888
297	58.698077
321.75	60.674339
346.5	62.760066
371.25	64.964609
396	67.298411
420.75	69.773178
445.5	72.402070
470.25	75.199938
495	78.183603
519.75	81.372193
544.5	84.787552
569.25	88.454742
594	92.402654
618.75	96.664769
643.5	101.280109
668.25	106.294423
693	111.761713
717.75	117.746165
742.5	124.324676
767.25	131.590153
792	139.655899
816.75	148.661523
841.5	158.781023
866.25	170.234033
891	183.301781
915.75	198.350213
940.5	215.864324
965.25	236.500542
990	261.169230
1014.75	291.169389
1039.5	328.418114
1064.25	375.861300
1089	438.252904
1113.75	523.737681
1138.5	647.316440
1163.25	838.894831
1188	1159.416614
1212.75	1627.868541
1237.5	0.000000
Torque_82.5Hz_230.94V
0	35.708517
25.5	36.747089
51	37.828854
76.5	38.956564
102	40.133209
127.5	41.362042
153	42.646615
178.5	43.990806
204	45.398863
229.5	46.875446
255	48.425681
280.5	50.055216
306	51.770295
331.5	53.577832
357	55.485505
382.5	57.501870
408	59.636483
433.5	61.900054
459	64.304625
484.5	66.863787
510	69.592933
535.5	72.509565
561	75.633678
586.5	78.988206
612	82.599594
637.5	86.498487
663	90.720603
688.5	95.307825
714	100.309590
739.5	105.784667
765	111.803467
790.5	118.451072
816	125.831256
841.5	134.071902
867	143.332424
892.5	153.814085
918	165.774655
943.5	179.549645
969	195.583874
994.5	214.479655
1020	237.072758
1045.5	264.556599
1071	298.694125
1096.5	342.197931
1122	399.453869
1147.5	477.998321
1173	591.781697
1198.5	768.894647
1224	1068.161253
1249.5	1523.162122
1275	0.000000
Torque_85Hz_230.94V
0	30.789318
26.25	31.741600
52.5	32.733492
78.75	33.767515
105	34.846413
131.25	35.973169
157.5	37.151041
183.75	38.383585
210	39.674697
236.25	41.028653
262.5	42.450152
288.75	43.944378
315	45.517054
341.25	47.174524
367.5	48.923831
393.75	50.772823
420	52.730266
446.25	54.805984
472.5	57.011026
498.75	59.357857
525	61.860600
551.25	64.535315
577.5	67.400343
603.75	70.476729
630	73.788736
656.25	77.364486
682.5	81.236756
708.75	85.443983
735	90.031537
761.25	95.053363
787.5	100.574092
813.75	106.671833
840	113.441862
866.25	121.001613
892.5	129.497489
918.75	139.114366
945	150.089073
971.25	162.729952
997.5	177.445924
1023.75	194.790920
1050	215.533959
1076.25	240.773856
1102.5	272.135226
1128.75	312.120824
1155	364.784295
1181.25	437.109995
1207.5	542.085806
1233.75	706.101245
1260	985.768773
1286.25	1426.585052
1312.5	0.000000
Torque_87.5Hz_230.94V
0	26.307515
27	27.182803
54	28.094502
81	29.044930
108	30.036608
135	31.072281
162	32.154941
189	33.287861
216	34.474620
243	35.719151
270	37.025774
297	38.399255
324	39.844856
351	41.368410
378	42.976394
405	44.676022
432	46.475356
459	48.383430
486	50.410402
513	52.567737
540	54.868422
567	57.327224
594	59.961014
621	62.789146
648	65.833937
675	69.121251
702	72.681238
729	76.549256
756	80.767045
783	85.384232
810	90.460285
837	96.067077
864	102.292290
891	109.244005
918	117.056990
945	125.901456
972	135.995487
999	147.623088
1026	161.161019
1053	177.119826
1080	196.208625
1107	219.441247
1134	248.317848
1161	285.152001
1188	333.696929
1215	400.435328
1242	497.472625
1269	649.607471
1296	911.199506
1323	1337.389927
1350	0.000000
Torque_90Hz_230.94V
0	22.203131
27.75	23.009503
55.5	23.849420
83.25	24.725021
111	25.638628
138.75	26.592770
166.5	27.590206
194.25	28.633948
222	29.727298
249.75	30.873877
277.5	32.077669
305.25	33.343062
333	34.674910
360.75	36.078585
388.5	37.560056
416.25	39.125974
444	40.783766
471.75	42.541759
499.5	44.409316
527.25	46.397003
555	48.516789
582.75	50.782287
610.5	53.209046
638.25	55.814907
666	58.620442
693.75	61.649494
721.5	64.929859
749.25	68.494134
777	72.380803
804.75	76.635626
832.5	81.313440
860.25	86.480528
888	92.217757
915.75	98.624823
943.5	105.826053
971.25	113.978494
999	123.283403
1026.75	134.002927
1054.5	146.484926
1082.25	161.200939
1110	178.806182
1137.75	200.237940
1165.5	226.884117
1193.25	260.887340
1221	305.728604
1248.75	367.434014
1276.5	457.299402
1304.25	598.638026
1332	843.553490
1359.75	1254.907510
1387.5	0.000000
Torque_92.5Hz_230.94V
0	18.425387
28.5	19.169887
57	19.945362
85.5	20.753786
114	21.597302
142.5	22.478247
171	23.399167
199.5	24.362846
228	25.372332
256.5	26.430969
285	27.542436
313.5	28.710787
342	29.940502
370.5	31.236543
399	32.604425
427.5	34.050288
456	35.580993
484.5	37.204230
513	38.928646
541.5	40.764002
570	42.721353
598.5	44.813274
627	47.054126
655.5	49.460390
684	52.051070
712.5	54.848194
741	57.877440
769.5	61.168925
798	64.758207
826.5	68.687568
855	73.007682
883.5	77.779802
912	83.078671
940.5	88.996439
969	95.648039
997.5	103.178670
1026	111.774441
1054.5	121.677817
1083	133.210615
1111.5	146.809214
1140	163.080205
1168.5	182.891755
1197	207.530291
1225.5	238.983625
1254	280.485597
1282.5	337.646076
1311	421.017549
1339.5	552.527867
1368	782.049487
1396.5	1178.537469
1425	0.000000
Torque_95Hz_230.94V
0	14.931098
29.25	15.619895
58.5	16.337352
87.75	17.085294
117	17.865706
146.25	18.680750
175.5	19.532781
204.75	20.424377
234	21.358356
263.25	22.337815
292.5	23.366156
321.75	24.447133
351	25.584890
380.25	26.784021
409.5	28.049628
438.75	29.387393
468	30.803667
497.25	32.305567
526.5	33.901095
555.75	35.599285
585	37.410370
614.25	39.345987
643.5	41.419431
672.75	43.645955
702	46.043152
731.25	48.631411
760.5	51.434505
789.75	54.480313
819	57.801756
848.25	61.437982
877.5	65.435910
906.75	69.852261
936	74.756251
965.25	80.233226
994.5	86.389642
1023.75	93.360012
1053	101.316769
1082.25	110.484605
1111.5	121.161817
1140.75	133.753005
1170	148.820791
1199.25	167.170784
1228.5	189.997460
1257.75	219.148133
1287	257.631810
1316.25	310.678329
1345.5	388.157024
1374.75	510.704514
1404	726.007450
1433.25	1107.740375
1462.5	0.000000
Torque_97.5Hz_230.94V
0	11.683380
30	12.321893
60	12.986974
90	13.680318
120	14.403764
150	15.159316
180	15.949159
210	16.775680
240	17.641496
270	18.549475
300	19.502773
330	20.504870
360	21.559610
390	22.671251
420	23.844523
450	25.084697
480	26.397661
510	27.790013
540	29.269176
570	30.843526
600	32.522551
630	34.317045
660	36.239336
690	38.303571
720	40.526065
750	42.925729
780	45.524612
810	48.348573
840	51.428150
870	54.799655
900	58.506617
930	62.601658
960	67.148998
990	72.227828
1020	77.936942
1050	84.401181
1080	91.780604
1110	100.283819
1140	110.187826
1170	121.868435
1200	135.848411
1230	152.876619
1260	174.064031
1290	201.130191
1320	236.879201
1350	286.193374
1380	358.313596
1410	472.673503
1440	674.833833
1470	1042.030747
1500	0.000000
Torque_100Hz_230.94V
0	8.650604
30.75	9.243608
61.5	9.861289
92.25	10.505220
123	11.177110
153.75	11.878819
184.5	12.612377
215.25	13.380004
246	14.184127
276.75	15.027412
307.5	15.912792
338.25	16.843497
369	17.823099
399.75	18.855553
430.5	19.945254
461.25	21.097097
492	22.316553
522.75	23.609751
553.5	24.983588
584.25	26.445843
615	28.005334
645.75	29.672087
676.5	31.457556
707.25	33.374886
738	35.439235
768.75	37.668176
799.5	40.082194
830.25	42.705320
861	45.565931
891.75	48.697775
922.5	52.141303
953.25	55.945425
984	60.169832
1014.75	64.888139
1045.5	70.192188
1076.25	76.198054
1107	83.054574
1137.75	90.955759
1168.5	100.159281
1199.25	111.014813
1230	124.008911
1260.75	139.838846
1291.5	159.539609
1322.25	184.714312
1353	217.979971
1383.75	263.900615
1414.5	331.138399
1445.25	438.006369
1476	628.009245
1506.75	980.971003
1537.5	0.000000
Torque_102.5Hz_230.94V
0	5.805543
31.5	6.357262
63	6.931940
94.5	7.531041
126	8.156157
157.5	8.809018
189	9.491513
220.5	10.205707
252	10.953860
283.5	11.738452
315	12.562211
346.5	13.428144
378	14.339575
409.5	15.300184
441	16.314062
472.5	17.385763
504	18.520378
535.5	19.723613
567	21.001884
598.5	22.362433
630	23.813464
661.5	25.364310
693	27.025631
724.5	28.809661
756	30.730509
787.5	32.804530
819	35.050794
850.5	37.491671
882	40.153573
913.5	43.067919
945	46.272368
976.5	49.812456
1008	53.743761
1039.5	58.134830
1071	63.071191
1102.5	68.660949
1134	75.042739
1165.5	82.397302
1197	90.964728
1228.5	101.070905
1260	113.169423
1291.5	127.910554
1323	146.259999
1354.5	169.714574
1386	200.720179
1417.5	243.548882
1449	306.329328
1480.5	406.330679
1512	585.078051
1543.5	924.166171
1575	0.000000
Torque_105Hz_230.94V
0	3.124675
32.25	3.638851
64.5	4.174425
96.75	4.732763
129	5.315345
161.25	5.923787
193.5	6.559849
225.75	7.225455
258	7.922711
290.25	8.653929
322.5	9.421653
354.75	10.228686
387	11.078124
419.25	11.973399
451.5	12.918324
483.75	13.917145
516	14.974607
548.25	16.096028
580.5	17.287389
612.75	18.555443
645	19.907837
677.25	21.353272
709.5	22.901685
741.75	24.564483
774	26.354817
806.25	28.287939
838.5	30.381627
870.75	32.656738
903	35.137901
935.25	37.854412
967.5	40.841389
999.75	44.141296
1032	47.805967
1064.25	51.899335
1096.5	56.501177
1128.75	61.712337
1161	67.662158
1193.25	74.519288
1225.5	82.507790
1257.75	91.931864
1290	103.215024
1322.25	116.964637
1354.5	134.083104
1386.75	155.970009
1419	184.914473
1451.25	224.920354
1483.5	283.623925
1515.75	377.321736
1548	545.639563
1580.25	871.259248
1612.5	0.000000
Torque_107.5Hz_230.94V
0	0.587605
33	1.067567
66	1.567506
99	2.088693
132	2.632514
165	3.200475
198	3.794220
231	4.415545
264	5.066416
297	5.748993
330	6.465648
363	7.219000
396	8.011940
429	8.847672
462	9.729755
495	10.662153
528	11.649297
561	12.696152
594	13.808304
627	14.992056
660	16.254549
693	17.603907
726	19.049409
759	20.601707
792	22.273081
825	24.077773
858	26.032385
891	28.156395
924	30.472804
957	33.008972
990	35.797699
1023	38.878648
1056	42.300235
1089	46.122183
1122	50.419021
1155	55.284968
1188	60.840881
1221	67.244365
1254	74.704847
1287	83.506707
1320	94.045970
1353	106.890760
1386	122.885533
1419	143.340782
1452	170.401742
1485	207.825517
1518	262.793465
1551	350.695648
1584	509.340591
1617	821.927134
1650	0.000000
Torque_110Hz_230.94V
0	0.000000
33.75	0.000000
67.5	0.000000
101.25	0.000000
135	0.088386
168.75	0.619378
202.5	1.174476
236.25	1.755360
270	2.363870
303.75	3.002023
337.5	3.672040
371.25	4.376366
405	5.117707
438.75	5.899058
472.5	6.723747
506.25	7.595481
540	8.518403
573.75	9.497156
607.5	10.536964
641.25	11.643720
675	12.824102
708.75	14.085708
742.5	15.437215
776.25	16.888584
810	18.451301
843.75	20.138684
877.5	21.966261
911.25	23.952248
945	26.118161
978.75	28.489589
1012.5	31.097213
1046.25	33.978135
1080	37.177648
1113.75	40.751623
1147.5	44.769792
1181.25	49.320314
1215	54.516285
1248.75	60.505206
1282.5	67.483107
1316.25	75.716228
1350	85.575414
1383.75	97.592830
1417.5	112.559799
1451.25	131.705036
1485	157.041510
1518.75	192.098981
1552.5	243.638032
1586.25	326.203508
1620	475.869094
1653.75	775.877035
1687.5	0.000000
Torque_112.5Hz_230.94V
0	0.000000
34.5	0.000000
69	0.000000
103.5	0.000000
138	0.000000
172.5	0.000000
207	0.000000
241.5	0.000000
276	0.000000
310.5	0.394156
345	1.021492
379.5	1.680955
414	2.375077
448.5	3.106662
483	3.878828
517.5	4.695046
552	5.559196
586.5	6.475625
621	7.449226
655.5	8.485517
690	9.590754
724.5	10.772050
759	12.037533
793.5	13.396532
828	14.859803
862.5	16.439821
897	18.151129
931.5	20.010791
966	22.038956
1000.5	24.259596
1035	26.701451
1069.5	29.399277
1104	32.395505
1138.5	35.742480
1173	39.505537
1207.5	43.767282
1242	48.633698
1276.5	54.243025
1311	60.779010
1345.5	68.491252
1380	77.727498
1414.5	88.986901
1449	103.011978
1483.5	120.956252
1518	144.710917
1552.5	177.595981
1587	225.982386
1621.5	303.626508
1656	444.948778
1690.5	732.843299
1725	0.000000
Torque_115Hz_230.94V
0	0.000000
35.25	0.000000
70.5	0.000000
105.75	0.000000
141	0.000000
176.25	0.000000
211.5	0.000000
246.75	0.000000
282	0.000000
317.25	0.000000
352.5	0.000000
387.75	0.000000
423	0.000000
458.25	0.452194
493.5	1.176202
528.75	1.941518
564	2.751779
599.25	3.611063
634.5	4.523958
669.75	5.495639
705	6.531972
740.25	7.639629
775.5	8.826233
810.75	10.100531
846	11.472614
881.25	12.954180
916.5	14.558869
951.75	16.302687
987	18.204533
1022.25	20.286892
1057.5	22.576725
1092.75	25.106633
1128	27.916422
1163.25	31.055201
1198.5	34.584268
1233.75	38.581132
1269	43.145244
1304.25	48.406341
1339.5	54.536887
1374.75	61.771193
1410	70.435773
1445.25	80.999425
1480.5	94.159758
1515.75	111.001050
1551	133.302208
1586.25	164.189446
1621.5	209.672501
1656.75	282.771801
1692	416.334469
1727.25	692.584616
1762.5	0.000000
Torque_117.5Hz_230.94V
0	0.000000
36	0.000000
72	0.000000
108	0.000000
144	0.000000
180	0.000000
216	0.000000
252	0.000000
288	0.000000
324	0.000000
360	0.000000
396	0.000000
432	0.000000
468	0.000000
504	0.000000
540	0.000000
576	0.078688
612	0.885479
648	1.742608
684	2.654938
720	3.627975
756	4.667985
792	5.782127
828	6.978616
864	8.266928
900	9.658049
936	11.164791
972	12.802183
1008	14.587978
1044	16.543296
1080	18.693456
1116	21.069085
1152	23.707574
1188	26.655055
1224	29.969115
1260	33.722575
1296	38.008880
1332	42.949942
1368	48.707845
1404	55.502829
1440	63.641859
1476	73.565777
1512	85.930799
1548	101.757338
1584	122.720607
1620	151.767535
1656	194.572637
1692	263.469004
1728	389.808161
1764	654.881528
1800	0.000000
Torque_120Hz_230.94V
0	0.000000
36.75	0.000000
73.5	0.000000
110.25	0.000000
147	0.000000
183.75	0.000000
220.5	0.000000
257.25	0.000000
294	0.000000
330.75	0.000000
367.5	0.000000
404.25	0.000000
441	0.000000
477.75	0.000000
514.5	0.000000
551.25	0.000000
588	0.000000
624.75	0.000000
661.5	0.000000
698.25	0.000000
735	0.861349
771.75	1.839109
808.5	2.886568
845.25	4.011452
882	5.222672
918.75	6.530558
955.5	7.947158
992.25	9.486607
1029	11.165598
1065.75	13.003993
1102.5	15.025605
1139.25	17.259238
1176	19.740060
1212.75	22.511462
1249.5	25.627613
1286.25	29.157016
1323	33.187581
1359.75	37.834011
1396.5	43.248822
1433.25	49.639284
1470	57.294333
1506.75	66.629019
1543.5	78.261354
1580.25	93.152753
1617	112.882538
1653.75	140.231554
1690.5	180.562868
1727.25	245.567220
1764	365.175606
1800.75	619.534231
1837.5	0.000000
Torque_122.5Hz_230.94V
0	0.000000
37.5	0.000000
75	0.000000
112.5	0.000000
150	0.000000
187.5	0.000000
225	0.000000
262.5	0.000000
300	0.000000
337.5	0.000000
375	0.000000
412.5	0.000000
450	0.000000
487.5	0.000000
525	0.000000
562.5	0.000000
600	0.000000
637.5	0.000000
675	0.000000
712.5	0.000000
750	0.000000
787.5	0.000000
825	0.123092
862.5	1.181970
900	2.322125
937.5	3.553283
975	4.886786
1012.5	6.335944
1050	7.916476
1087.5	9.647080
1125	11.550183
1162.5	13.652906
1200	15.988366
1237.5	18.597426
1275	21.531102
1312.5	24.853911
1350	28.648659
1387.5	33.023392
1425	38.121795
1462.5	44.139161
1500	51.347777
1537.5	60.138859
1575	71.095104
1612.5	85.123348
1650	103.714112
1687.5	129.494192
1725	167.536980
1762.5	228.932506
1800	342.263389
1837.5	586.360613
1875	0.000000
Torque_125Hz_230.94V
0	0.000000
38.25	0.000000
76.5	0.000000
114.75	0.000000
153	0.000000
191.25	0.000000
229.5	0.000000
267.75	0.000000
306	0.000000
344.25	0.000000
382.5	0.000000
420.75	0.000000
459	0.000000
497.25	0.000000
535.5	0.000000
573.75	0.000000
612	0.000000
650.25	0.000000
688.5	0.000000
726.75	0.000000
765	0.000000
803.25	0.000000
841.5	0.000000
879.75	0.000000
918	0.000000
956.25	0.709920
994.5	1.966697
1032.75	3.332485
1071	4.822102
1109.25	6.453176
1147.5	8.246847
1185.75	10.228685
1224	12.429911
1262.25	14.889055
1300.5	17.654214
1338.75	20.786228
1377	24.363178
1415.25	28.486964
1453.5	33.293101
1491.75	38.965810
1530	45.761975
1568.25	54.050760
1606.5	64.382167
1644.75	77.612469
1683	95.149843
1721.25	119.478022
1759.5	155.400687
1797.75	213.445702
1836	320.916395
1874.25	555.194507
1912.5	0.000000
Torque_127.5Hz_230.94V
0	0.000000
39	0.000000
78	0.000000
117	0.000000
156	0.000000
195	0.000000
234	0.000000
273	0.000000
312	0.000000
351	0.000000
390	0.000000
429	0.000000
468	0.000000
507	0.000000
546	0.000000
585	0.000000
624	0.000000
663	0.000000
702	0.000000
741	0.000000
780	0.000000
819	0.000000
858	0.000000
897	0.000000
936	0.000000
975	0.000000
1014	0.000000
1053	0.460519
1092	1.866058
1131	3.405084
1170	5.097549
1209	6.967586
1248	9.044664
1287	11.365149
1326	13.974444
1365	16.929979
1404	20.305467
1443	24.197112
1482	28.732871
1521	34.086707
1560	40.501237
1599	48.325190
1638	58.078257
1677	70.569807
1716	87.131560
1755	110.114224
1794	144.070097
1833	199.000574
1872	300.995626
1911	525.884139
1950	0.000000
Torque_130Hz_230.94V
0	0.000000
39.75	0.000000
79.5	0.000000
119.25	0.000000
159	0.000000
198.75	0.000000
238.5	0.000000
278.25	0.000000
318	0.000000
357.75	0.000000
397.5	0.000000
437.25	0.000000
477	0.000000
516.75	0.000000
556.5	0.000000
596.25	0.000000
636	0.000000
675.75	0.000000
715.5	0.000000
755.25	0.000000
795	0.000000
834.75	0.000000
874.5	0.000000
914.25	0.000000
954	0.000000
993.75	0.000000
1033.5	0.000000
1073.25	0.000000
1113	0.000000
1152.75	0.487513
1192.5	2.086240
1232.25	3.852724
1272	5.814810
1311.75	8.006859
1351.5	10.471777
1391.25	13.263832
1431	16.452691
1470.75	20.129276
1510.5	24.414536
1550.25	29.472919
1590	35.533810
1629.75	42.926976
1669.5	52.143966
1709.25	63.950583
1749	79.607466
1788.75	101.341491
1828.5	133.470407
1868.25	185.502217
1908	282.376296
1947.75	498.290733
1987.5	0.000000
Torque_132.5Hz_230.94V
0	0.000000
40.5	0.000000
81	0.000000
121.5	0.000000
162	0.000000
202.5	0.000000
243	0.000000
283.5	0.000000
324	0.000000
364.5	0.000000
405	0.000000
445.5	0.000000
486	0.000000
526.5	0.000000
567	0.000000
607.5	0.000000
648	0.000000
688.5	0.000000
729	0.000000
769.5	0.000000
810	0.000000
850.5	0.000000
891	0.000000
931.5	0.000000
972	0.000000
1012.5	0.000000
1053	0.000000
1093.5	0.000000
1134	0.000000
1174.5	0.000000
1215	0.000000
1255.5	0.869051
1296	2.724472
1336.5	4.797384
1377	7.128372
1417.5	9.768775
1458	12.784498
1498.5	16.261564
1539	20.314412
1579.5	25.098656
1620	30.831387
1660.5	37.824754
1701	46.544150
1741.5	57.714856
1782	72.531348
1822.5	93.105091
1863	123.534778
1903.5	172.865675
1944	264.946186
1984.5	472.287274
2025	0.000000
Torque_135Hz_230.94V
0	0.000000
41.25	0.000000
82.5	0.000000
123.75	0.000000
165	0.000000
206.25	0.000000
247.5	0.000000
288.75	0.000000
330	0.000000
371.25	0.000000
412.5	0.000000
453.75	0.000000
495	0.000000
536.25	0.000000
577.5	0.000000
618.75	0.000000
660	0.000000
701.25	0.000000
742.5	0.000000
783.75	0.000000
825	0.000000
866.25	0.000000
907.5	0.000000
948.75	0.000000
990	0.000000
1031.25	0.000000
1072.5	0.000000
1113.75	0.000000
1155	0.000000
1196.25	0.000000
1237.5	0.000000
1278.75	0.000000
1320	0.000000
1361.25	1.721716
1402.5	3.928297
1443.75	6.427824
1485	9.282708
1526.25	12.574418
1567.5	16.411339
1608.75	20.940872
1650	26.368673
1691.25	32.990499
1732.5	41.247400
1773.75	51.826920
1815	65.861879
1856.25	85.356061
1897.5	114.203364
1938.75	161.014754
1980	248.604210
2021.25	447.757394
2062.5	0.000000
Torque_137.5Hz_230.94V
0	0.000000
42	0.000000
84	0.000000
126	0.000000
168	0.000000
210	0.000000
252	0.000000
294	0.000000
336	0.000000
378	0.000000
420	0.000000
462	0.000000
504	0.000000
546	0.000000
588	0.000000
630	0.000000
672	0.000000
714	0.000000
756	0.000000
798	0.000000
840	0.000000
882	0.000000
924	0.000000
966	0.000000
1008	0.000000
1050	0.000000
1092	0.000000
1134	0.000000
1176	0.000000
1218	0.000000
1260	0.000000
1302	0.000000
1344	0.000000
1386	0.000000
1428	0.857287
1470	3.225775
1512	5.931047
1554	9.050330
1596	12.686376
1638	16.978937
1680	22.123023
1722	28.399117
1764	36.225586
1806	46.254794
1848	59.562034
1890	78.050511
1932	105.422480
1974	149.880989
2016	233.259154
2058	424.594374
2100	0.000000
Torque_140Hz_230.94V
0	0.000000
42.75	0.000000
85.5	0.000000
128.25	0.000000
171	0.000000
213.75	0.000000
256.5	0.000000
299.25	0.000000
342	0.000000
384.75	0.000000
427.5	0.000000
470.25	0.000000
513	0.000000
555.75	0.000000
598.5	0.000000
641.25	0.000000
684	0.000000
726.75	0.000000
769.5	0.000000
812.25	0.000000
855	0.000000
897.75	0.000000
940.5	0.000000
983.25	0.000000
1026	0.000000
1068.75	0.000000
1111.5	0.000000
1154.25	0.000000
1197	0.000000
1239.75	0.000000
1282.5	0.000000
1325.25	0.000000
1368	0.000000
1410.75	0.000000
1453.5	0.000000
1496.25	0.148995
1539	2.714919
1581.75	5.673598
1624.5	9.122533
1667.25	13.194346
1710	18.074118
1752.75	24.028092
1795.5	31.453469
1838.25	40.969777
1881	53.598574
1923.75	71.149024
1966.5	97.143872
2009.25	139.402751
2052	218.828583
2094.75	402.700251
2137.5	0.000000
Torque_142.5Hz_230.94V
0	0.000000
43.5	0.000000
87	0.000000
130.5	0.000000
174	0.000000
217.5	0.000000
261	0.000000
304.5	0.000000
348	0.000000
391.5	0.000000
435	0.000000
478.5	0.000000
522	0.000000
565.5	0.000000
609	0.000000
652.5	0.000000
696	0.000000
739.5	0.000000
783	0.000000
826.5	0.000000
870	0.000000
913.5	0.000000
957	0.000000
1000.5	0.000000
1044	0.000000
1087.5	0.000000
1131	0.000000
1174.5	0.000000
1218	0.000000
1261.5	0.000000
1305	0.000000
1348.5	0.000000
1392	0.000000
1435.5	0.000000
1479	0.000000
1522.5	0.000000
1566	0.000000
1609.5	2.430108
1653	5.704538
1696.5	9.570464
1740	14.203698
1783.5	19.857185
1827	26.908357
1870.5	35.946057
1914	47.941601
1957.5	64.616132
2001	89.324091
2044.5	129.524464
2088	205.237884
2131.5	381.985016
2175	0.000000
Torque_145Hz_230.94V
0	0.000000
44.25	0.000000
88.5	0.000000
132.75	0.000000
177	0.000000
221.25	0.000000
265.5	0.000000
309.75	0.000000
354	0.000000
398.25	0.000000
442.5	0.000000
486.75	0.000000
531	0.000000
575.25	0.000000
619.5	0.000000
663.75	0.000000
708	0.000000
752.25	0.000000
796.5	0.000000
840.75	0.000000
885	0.000000
929.25	0.000000
973.5	0.000000
1017.75	0.000000
1062	0.000000
1106.25	0.000000
1150.5	0.000000
1194.75	0.000000
1239	0.000000
1283.25	0.000000
1327.5	0.000000
1371.75	0.000000
1416	0.000000
1460.25	0.000000
1504.5	0.000000
1548.75	0.000000
1593	0.000000
1637.25	0.000000
1681.5	2.418643
1725.75	6.092314
1770	10.495317
1814.25	15.868167
1858.5	22.569810
1902.75	31.160385
1947	42.564179
1991.25	58.419863
2035.5	81.923944
2079.75	120.195929
2124	192.419416
2168.25	362.365888
2212.5	0.000000
Torque_147.5Hz_230.94V
0	0.000000
45	0.000000
90	0.000000
135	0.000000
180	0.000000
225	0.000000
270	0.000000
315	0.000000
360	0.000000
405	0.000000
450	0.000000
495	0.000000
540	0.000000
585	0.000000
630	0.000000
675	0.000000
720	0.000000
765	0.000000
810	0.000000
855	0.000000
900	0.000000
945	0.000000
990	0.000000
1035	0.000000
1080	0.000000
1125	0.000000
1170	0.000000
1215	0.000000
1260	0.000000
1305	0.000000
1350	0.000000
1395	0.000000
1440	0.000000
1485	0.000000
1530	0.000000
1575	0.000000
1620	0.000000
1665	0.000000
1710	0.000000
1755	2.746385
1800	6.934140
1845	12.044593
1890	18.419387
1935	26.591779
1980	37.441990
2025	52.531348
2070	74.908021
2115	111.371728
2160	180.311769
2205	343.766668
2250	0.000000
Torque_150Hz_230.94V
29.5107	3150.720232
67.0107	3150.720232
104.511	3150.720232
142.01	3150.720232
179.51	3150.720232
217.01	3150.720232
254.509	3150.720232
292.009	3150.720232
329.509	3150.720232
367.008	3150.720232
404.507	3150.720232
442.007	3150.720232
479.506	3150.720232
517.005	3150.720232
554.505	3150.720232
592.004	3150.720232
629.503	3150.720232
667.002	3150.720232
704.501	3150.720232
742	3150.664655
778.918	3001.394793
815.789	2865.776311
852.598	2742.040263
889.327	2628.736470
925.941	2524.826150
962.383	2429.218608
998.522	2341.278965
1033.91	2261.151629
1068.01	2154.323874
1105.5	2014.214174
1142.99	1887.129939
1180.47	1771.501049
1217.96	1665.976005
1255.45	1569.402680
1292.94	1480.786311
1330.43	1399.266471
1367.92	1324.096717
1405.42	1254.623120
1442.91	1190.275364
1480.4	1130.553589
1517.89	1075.015691
1555.39	1023.271214
1592.88	974.973693
1630.38	929.816361
1667.87	887.524332
1705.36	847.852353
1742.86	810.580902
1780.35	775.513190
1817.85	742.470693
1855.34	711.293261
1892.84	681.836822
1930.33	653.969173
1967.83	627.571945
2005.33	602.537129
2042.82	578.766003
2080.32	556.168296
2117.82	534.661519
2155.31	514.171356
2192.81	494.628366
2230.31	475.968910
Output Torque
