barCurrent
  8 10
  0.071
  3999.74  3615.98  943.128  3474.67  3713.61  -314.728  -80.7682  -134.048  
  0.072
  1955.71  1464.7  4226.08  4030.08  552.819  1154.89  988.742  -2957.14  
  0.073
  1537.17  4411.36  3060.17  1629.68  2646.69  2188.93  -1447.75  -483.664  
  0.074
  3934.89  1213.06  3169.09  3506.55  2498.46  568.087  -21.4839  -429.443  
  0.075
  821.684  3358.38  3881.45  1390.03  2917.31  790.551  59.7687  -2591.02  
  0.076
  2511.35  3737.26  1109.8  4198.53  1803.83  519.954  -103.87  -990.461  
  0.077
  2157.19  2351.32  4325.93  2709.76  736.123  2261.39  -627.616  -1378.74  
  0.078
  3442.87  3888.01  2177.77  1901.68  3840.01  -182.744  -259.312  -453.5  
  0.079
  3019.26  983.051  3689.86  4410.24  713.462  641.935  964.707  -2923.55  
  0.08
  629.449  4330.53  4216.27  795.535  2377.5  2509.01  -1637.99  -1432.97  
