barEmf
  8 10
  0.071
  -0.125758  -0.0656512  -0.00362847  -0.129055  -0.130107  -0.00667284  -0.0393952  -0.00436491  
  0.072
  0.0198476  0.0112945  -0.115906  -0.0672456  0.0378366  -0.0285569  -0.0216728  0.0635729  
  0.073
  -0.00946458  -0.105973  -0.0315586  -0.00367003  -0.0990787  -0.0855681  0.0019994  -0.0567992  
  0.074
  -0.0695958  0.0330793  -0.0409556  -0.0926463  -0.0447254  0.0076486  -0.0216753  0.0111666  
  0.075
  -0.0160404  -0.0965466  -0.0605624  0.0365518  0.0105494  0.0359852  0.0618454  0.106207  
  0.076
  -0.0647161  -0.0530858  0.0110356  -0.0906872  -0.0182983  -0.00125348  -0.00053263  -0.00524996  
  0.077
  -0.0369629  -0.0551703  -0.145159  -0.0572307  -0.0286388  -0.0734307  -0.00299602  0.0266279  
  0.078
  -0.133092  -0.125676  -0.0269779  -0.031657  -0.0864043  0.0492412  0.0452264  0.0581289  
  0.079
  -0.0329425  0.0231896  -0.0851742  -0.104968  0.0281021  -0.00502612  -0.00339964  0.0867608  
  0.08
  0.0431415  -0.106696  -0.0710233  0.0202674  -0.086883  -0.104895  -0.0027302  -0.0527285  
