barFlux
  8 10
  0.071
  -0.00609273  -0.00704382  -0.0069365  -0.00591249  -0.00389953  -0.00123473  0.00151203  0.00409049  
  0.072
  -0.00607288  -0.00703253  -0.00705241  -0.00597973  -0.00386169  -0.00126329  0.00149036  0.00415406  
  0.073
  -0.00608235  -0.0071385  -0.00708397  -0.0059834  -0.00396077  -0.00134885  0.00149236  0.00409726  
  0.074
  -0.00615194  -0.00710542  -0.00712492  -0.00607605  -0.0040055  -0.00134121  0.00147068  0.00410843  
  0.075
  -0.00616799  -0.00720197  -0.00718548  -0.0060395  -0.00399495  -0.00130522  0.00153253  0.00421464  
  0.076
  -0.0062327  -0.00725505  -0.00717445  -0.00613019  -0.00401325  -0.00130647  0.001532  0.00420939  
  0.077
  -0.00626966  -0.00731022  -0.00731961  -0.00618742  -0.00404189  -0.00137991  0.001529  0.00423602  
  0.078
  -0.00640276  -0.0074359  -0.00734658  -0.00621907  -0.00412829  -0.00133066  0.00157423  0.00429415  
  0.079
  -0.0064357  -0.00741271  -0.00743176  -0.00632404  -0.00410019  -0.00133569  0.00157083  0.00438091  
  0.08
  -0.00639256  -0.00751941  -0.00750278  -0.00630377  -0.00418707  -0.00144059  0.0015681  0.00432818  
