endRingCurrent
  8 10
  0.071
  3609.06  -6.92574  -950.054  -4424.73  -8138.34  -7823.61  -7742.84  -7608.79  
  0.072
  3752.23  2287.53  -1938.55  -5968.64  -6521.46  -7676.35  -8665.09  -5707.95  
  0.073
  5234.13  822.763  -2237.41  -3867.09  -6513.78  -8702.72  -7254.96  -6771.3  
  0.074
  3284.72  2071.66  -1097.43  -4603.99  -7102.45  -7670.54  -7649.05  -7219.61  
  0.075
  4492.39  1134.02  -2747.43  -4137.46  -7054.77  -7845.32  -7905.09  -5314.08  
  0.076
  3881.85  144.586  -965.213  -5163.74  -6967.57  -7487.53  -7383.66  -6393.19  
  0.077
  4110.49  1759.16  -2566.76  -5276.52  -6012.64  -8274.03  -7646.41  -6267.68  
  0.078
  3734.52  -153.485  -2331.26  -4232.94  -8072.95  -7890.21  -7630.9  -7177.4  
  0.079
  2730.22  1747.17  -1942.69  -6352.93  -7066.39  -7708.33  -8673.03  -5749.48  
  0.08
  5264.22  933.695  -3282.58  -4078.11  -6455.61  -8964.63  -7326.64  -5893.67  
