PhaseB
  5 10
  0.071
  0  319.462  -66.914  -0.157655  290.435  
  0.072
  0  324.81  255.356  0.154661  312.316  
  0.073
  0  298.363  567.214  0.425058  270.397  
  0.074
  0  242.71  776.273  0.667947  242.889  
  0.075
  0  163.299  903.554  0.844248  176.301  
  0.076
  0  67.9038  988.169  0.940861  96.6139  
  0.077
  0  -34.1389  976.775  0.947439  6.57725  
  0.078
  0  -132.84  883.863  0.866215  -81.2232  
  0.079
  0  -218.537  707.368  0.709028  -157.188  
  0.08
  0  -282.843  406.624  0.483421  -225.607  
