PhaseC
  5 10
  0.071
  0  -218.537  -830.447  -0.718662  -207.719  
  0.072
  0  -132.84  -954.507  -0.855995  -137.333  
  0.073
  0  -34.1389  -993.211  -0.935704  -79.7092  
  0.074
  0  67.9038  -908.194  -0.91865  17.0546  
  0.075
  0  163.3  -785.723  -0.810526  108.124  
  0.076
  0  242.71  -569.238  -0.618948  191.578  
  0.077
  0  298.363  -296.755  -0.366096  252.853  
  0.078
  0  324.81  -32.3681  -0.0686676  297.428  
  0.079
  0  319.462  272.04  0.240049  308.716  
  0.08
  0  282.843  596.419  0.51471  274.661  
