PhaseA
  5 10
  0.071
  0  -100.925  897.361  0.867892  -40.3398  
  0.072
  0  -191.97  699.151  0.747369  -120.523  
  0.073
  0  -264.224  425.996  0.52563  -221.739  
  0.074
  0  -310.614  131.921  0.256441  -269.189  
  0.075
  0  -326.599  -117.832  -0.0494412  -305.882  
  0.076
  0  -310.614  -418.931  -0.341197  -291.756  
  0.077
  0  -264.224  -680.02  -0.600758  -259.56  
  0.078
  0  -191.97  -851.495  -0.8009  -200.143  
  0.079
  0  -100.925  -979.409  -0.912997  -112.097  
  0.08
  0  -3.55271e-013  -1003.04  -0.94421  -31.2126  
