Torque Curves with Flux-Weakening Control
Speed (rpm)
Torque (N.m)
0	2528.460136
0.75	2556.496352
1.5	2584.996712
2.25	2613.960748
3	2643.386357
3.75	2673.269527
4.5	2703.604022
5.25	2734.381017
6	2765.588684
6.75	2797.211704
7.5	2829.230714
8.25	2861.621655
9	2894.355030
9.75	2927.395035
10.5	2960.698555
11.25	2994.213993
12	3027.879912
12.75	3061.623452
13.5	3095.358476
14.25	3128.983416
15	3162.378734
15.75	3195.403965
16.5	3227.894226
17.25	3259.656124
18	3290.462921
18.75	3320.048837
19.5	3348.102307
20.25	3374.257999
21	3398.087344
21.75	3419.087278
22.5	3436.666853
23.25	3450.131279
24	3458.662889
24.75	3461.298406
25.5	3456.901796
26.25	3444.131819
27	3421.403286
27.75	3386.840837
28.5	3338.223927
29.25	3272.921569
30	3187.815345
30.75	3079.209257
31.5	2942.725353
32.25	2773.184822
33	2564.475739
33.75	2309.411239
34.5	1999.586266
35.25	1625.247929
36	1175.205032
36.75	636.817711
37.5	0.000000
Torque_2.5Hz_15.9805V
0	2106.155694
1.5	2137.864177
3	2170.460994
4.5	2203.978503
6	2238.450085
7.5	2273.910098
9	2310.393808
10.5	2347.937291
12	2386.577298
13.5	2426.351079
15	2467.296154
16.5	2509.450011
18	2552.849725
19.5	2597.531477
21	2643.529942
22.5	2690.877522
24	2739.603384
25.5	2789.732262
27	2841.282954
28.5	2894.266454
30	2948.683615
31.5	3004.522247
33	3061.753481
34.5	3120.327244
36	3180.166591
37.5	3241.160622
39	3303.155604
40.5	3365.943821
42	3429.249572
43.5	3492.711523
45	3555.860468
46.5	3618.091233
48	3678.627156
49.5	3736.475141
51	3790.368783
52.5	3838.696444
54	3879.410478
55.5	3909.913079
57	3926.913621
58.5	3926.252087
60	3902.683767
61.5	3849.622774
63	3758.847512
64.5	3620.182646
66	3421.193085
67.5	3146.961153
69	2780.074132
70.5	2301.028536
72	1689.351734
73.5	925.816665
75	0.000000
Torque_5Hz_27.2035V
0	1643.817134
2.25	1672.245437
4.5	1701.635405
6.75	1732.034193
9	1763.491852
11.25	1796.061521
13.5	1829.799637
15.75	1864.766147
18	1901.024733
20.25	1938.643045
22.5	1977.692936
24.75	2018.250699
27	2060.397297
29.25	2104.218588
31.5	2149.805517
33.75	2197.254276
36	2246.666408
38.25	2298.148825
40.5	2351.813710
42.75	2407.778251
45	2466.164141
47.25	2527.096767
49.5	2590.703958
51.75	2657.114146
54	2726.453714
56.25	2798.843260
58.5	2874.392363
60.75	2953.192329
63	3035.306182
65.25	3120.754882
67.5	3209.498395
69.75	3301.409684
72	3396.238976
74.25	3493.564595
76.5	3592.725251
78.75	3692.726651
81	3792.112604
83.25	3888.787104
85.5	3979.769169
87.75	4060.856420
90	4126.167313
92.25	4167.527527
94.5	4173.668732
96.75	4129.229285
99	4013.609703
101.25	3799.882775
103.5	3454.250755
105.75	2937.037859
108	2206.856198
110.25	1229.983188
112.5	0.000000
Torque_7.5Hz_38.4842V
0	1304.385302
3	1328.472279
6	1353.444338
9	1379.349936
12	1406.241016
15	1434.173312
18	1463.206685
21	1493.405492
24	1524.838992
27	1557.581790
30	1591.714331
33	1627.323438
36	1664.502905
39	1703.354143
42	1743.986894
45	1786.520005
48	1831.082261
51	1877.813299
54	1926.864573
57	1978.400376
60	2032.598906
63	2089.653344
66	2149.772900
69	2213.183777
72	2280.129928
75	2350.873479
78	2425.694579
81	2504.890347
84	2588.772409
87	2677.662294
90	2771.883581
93	2871.749139
96	2977.541012
99	3089.479217
102	3207.673859
105	3332.052036
108	3462.246553
111	3597.426611
114	3736.040160
117	3875.421809
120	4011.197031
123	4136.381301
126	4240.033688
129	4305.291938
132	4306.636900
135	4206.434662
138	3951.472007
141	3471.842232
144	2687.591895
147	1531.809306
150	0.000000
Torque_10Hz_49.7838V
0	1066.499429
3.75	1086.894018
7.5	1108.070460
11.25	1130.073903
15	1152.952980
18.75	1176.760136
22.5	1201.552006
26.25	1227.389827
30	1254.339904
33.75	1282.474131
37.5	1311.870568
41.25	1342.614102
45	1374.797173
48.75	1408.520606
52.5	1443.894537
56.25	1481.039461
60	1520.087417
63.75	1561.183316
67.5	1604.486450
71.25	1650.172182
75	1698.433861
78.75	1749.484963
82.5	1803.561489
86.25	1860.924641
90	1921.863762
93.75	1986.699550
97.5	2055.787482
101.25	2129.521364
105	2208.336819
108.75	2292.714382
112.5	2383.181649
116.25	2480.313552
120	2584.729202
123.75	2697.082770
127.5	2818.044216
131.25	2948.262960
135	3088.303062
138.75	3238.530848
142.5	3398.923047
146.25	3568.741629
150	3745.984498
153.75	3926.459095
157.5	4102.225346
161.25	4259.003088
165	4371.954118
168.75	4399.171847
172.5	4272.787623
176.25	3890.389958
180	3117.495592
183.75	1826.072349
187.5	0.000000
Torque_12.5Hz_61.092V
0	896.015372
4.5	913.508342
9	931.688417
13.5	950.596474
18	970.276662
22.5	990.776730
27	1012.148394
31.5	1034.447751
36	1057.735752
40.5	1082.078718
45	1107.548945
49.5	1134.225370
54	1162.194340
58.5	1191.550480
63	1222.397683
67.5	1254.850245
72	1289.034160
76.5	1325.088609
81	1363.167664
85.5	1403.442263
90	1446.102481
94.5	1491.360150
99	1539.451899
103.5	1590.642668
108	1645.229773
112.5	1703.547612
117	1765.973085
121.5	1832.931821
126	1904.905273
130.5	1982.438692
135	2066.149917
139.5	2156.738721
144	2254.996134
148.5	2361.812542
153	2478.182317
157.5	2605.200731
162	2744.045429
166.5	2895.928319
171	3061.992029
175.5	3243.103368
180	3439.455730
184.5	3649.816199
189	3870.110450
193.5	4090.776267
198	4291.863614
202.5	4434.205137
207	4444.585268
211.5	4195.124877
216	3490.061547
220.5	2109.867294
225	0.000000
Torque_15Hz_72.4049V
0	769.681386
5.25	784.910448
10.5	800.746801
15.75	817.227241
21	834.391575
26.25	852.282929
31.5	870.948101
36.75	890.437955
42	910.807866
47.25	932.118228
52.5	954.435028
57.75	977.830497
63	1002.383861
68.25	1028.182193
73.5	1055.321391
78.75	1083.907311
84	1114.057062
89.25	1145.900519
94.5	1179.582064
99.75	1215.262627
105	1253.122058
110.25	1293.361910
115.5	1336.208708
120.75	1381.917797
126	1430.777889
131.25	1483.116442
136.5	1539.306047
141.75	1599.772002
147	1665.001320
152.25	1735.553409
157.5	1812.072706
162.75	1895.303507
168	1986.107155
173.25	2085.481513
178.5	2194.582122
183.75	2314.743334
189	2447.495513
194.25	2594.569946
199.5	2757.874267
204.75	2939.403458
210	3141.015497
215.25	3363.926831
220.5	3607.629606
225.75	3867.613338
231	4130.618946
236.25	4364.892969
241.5	4500.959911
246.75	4397.875640
252	3803.290692
257.25	2381.148479
262.5	0.000000
Torque_17.5Hz_83.7209V
0	673.043133
6	686.484650
12	700.467567
18	715.025085
24	730.193158
30	746.010786
36	762.520339
42	779.767929
48	797.803827
54	816.682939
60	836.465349
66	857.216937
72	879.010090
78	901.924514
84	926.048177
90	951.478387
96	978.323056
102	1006.702160
108	1036.749449
114	1068.614447
120	1102.464805
126	1138.489078
132	1176.900017
138	1217.938482
144	1261.878116
150	1309.030947
156	1359.754139
162	1414.458135
168	1473.616537
174	1537.778116
180	1607.581449
186	1683.772755
192	1767.227627
198	1858.977364
204	1960.240557
210	2072.460203
216	2197.345572
222	2336.915590
228	2493.534798
234	2669.920411
240	2869.071136
246	3094.006342
252	3347.063760
258	3628.182013
264	3930.850841
270	4232.724125
276	4474.385365
282	4514.754656
288	4058.404896
294	2638.372133
300	0.000000
Torque_20Hz_95.0389V
0	597.054348
6.75	609.060815
13.5	621.554257
20.25	634.564784
27	648.125032
33.75	662.270425
40.5	677.039486
47.25	692.474172
54	708.620274
60.75	725.527850
67.5	743.251740
74.25	761.852145
81	781.395289
87.75	801.954191
94.5	823.609547
101.25	846.450761
108	870.577137
114.75	896.099278
121.5	923.140714
128.25	951.839830
135	982.352139
141.75	1014.852969
148.5	1049.540681
155.25	1086.640507
162	1126.409172
168.75	1169.140477
175.5	1215.172083
182.25	1264.893786
189	1318.757674
195.75	1377.290652
202.5	1441.109952
209.25	1510.942440
216	1587.648722
222.75	1672.253299
229.5	1765.982309
236.25	1870.310514
243	1987.019174
249.75	2118.265504
256.5	2266.661650
263.25	2435.353478
270	2628.070482
276.75	2849.071204
283.5	3102.793064
290.25	3392.726630
297	3718.300368
303.75	4066.682912
310.5	4391.750363
317.25	4562.716651
324	4258.886407
330.75	2880.379000
337.5	0.000000
Torque_22.5Hz_106.359V
0	535.888308
7.5	546.723224
15	557.999808
22.5	569.745536
30	581.990198
37.5	594.766154
45	608.108611
52.5	622.055943
60	636.650055
67.5	651.936795
75	667.966427
82.5	684.794174
90	702.480839
97.5	721.093524
105	740.706464
112.5	761.401992
120	783.271666
127.5	806.417587
135	830.953947
142.5	857.008860
150	884.726523
157.5	914.269798
165	945.823290
172.5	979.597057
180	1015.831087
187.5	1054.800733
195	1096.823366
202.5	1142.266539
210	1191.558089
217.5	1245.198706
225	1303.777667
232.5	1367.992666
240	1438.674959
247.5	1516.821409
255	1603.635545
262.5	1700.580289
270	1809.445648
277.5	1932.435042
285	2072.273428
292.5	2232.337018
300	2416.793375
307.5	2630.708957
315	2879.994040
322.5	3170.816639
330	3507.455517
337.5	3885.692903
345	4273.564667
352.5	4557.514073
360	4409.654459
367.5	3106.342596
375	0.000000
Torque_25Hz_117.68V
0	485.668099
8.25	495.531607
16.5	505.798694
24.75	516.494576
33	527.646607
41.25	539.284511
49.5	551.440644
57.75	564.150289
66	577.451994
74.25	591.387958
82.5	606.004471
90.75	621.352421
99	637.487875
107.25	654.472750
115.5	672.375599
123.75	691.272511
132	711.248176
140.25	732.397123
148.5	754.825183
156.75	778.651218
165	804.009173
173.25	831.050525
181.5	859.947220
189.75	890.895215
198	924.118772
206.25	959.875694
214.5	998.463751
222.75	1040.228612
231	1085.573715
239.25	1134.972614
247.5	1188.984563
255.75	1248.274318
264	1313.637499
272.25	1386.033323
280.5	1466.627170
288.75	1556.846302
297	1658.453186
305.25	1773.642197
313.5	1905.166716
321.75	2056.503716
330	2232.058603
338.25	2437.394827
346.5	2679.413081
354.75	2966.221820
363	3305.883619
371.25	3701.497520
379.5	4134.652074
387.75	4512.720898
396	4516.381769
404.25	3315.736108
412.5	0.000000
Torque_27.5Hz_129.002V
0	443.732947
9	452.779699
18	462.197671
27	472.010137
36	482.242350
45	492.921762
54	504.078264
63	515.744464
72	527.956003
81	540.751910
90	554.175020
99	568.272443
108	583.096108
117	598.703397
126	615.157875
135	632.530139
144	650.898817
153	670.351735
162	690.987296
171	712.916111
180	736.262938
189	761.169007
198	787.794802
207	816.323437
216	846.964749
225	879.960307
234	915.589579
243	954.177570
252	996.104363
261	1041.817117
270	1091.845278
279	1146.820039
288	1207.499431
297	1274.801007
306	1349.844767
315	1434.010099
324	1529.011931
333	1637.003348
342	1760.714455
351	1903.640011
360	2070.289393
369	2266.505516
378	2499.823925
387	2779.713241
396	3117.095255
405	3521.039393
414	3985.317831
423	4439.459227
432	4584.966508
441	3508.303378
450	0.000000
Torque_30Hz_140.325V
0	408.204733
9.75	416.556213
19.5	425.251151
29.25	434.311136
39	443.759602
48.75	453.622025
58.5	463.926157
68.25	474.702279
78	485.983496
87.75	497.806078
97.5	510.209839
107.25	523.238585
117	536.940625
126.75	551.369359
136.5	566.583967
146.25	582.650210
156	599.641366
165.75	617.639332
175.5	636.735920
185.25	657.034403
195	678.651342
204.75	701.718788
214.5	726.386927
224.25	752.827274
234	781.236578
243.75	811.841595
253.5	844.904979
263.25	880.732614
273	919.682776
282.75	962.177712
292.5	1008.718374
302.25	1059.903353
312	1116.453426
321.75	1179.243730
331.5	1249.346353
341.25	1328.087343
351	1417.123854
360.75	1518.549654
370.5	1635.040722
380.25	1770.057430
390	1928.125005
399.75	2115.216220
409.5	2339.245436
419.25	2610.600596
429	2942.308407
438.75	3348.176913
448.5	3832.501167
458.25	4346.521591
468	4621.157157
477.75	3684.029493
487.5	0.000000
Torque_32.5Hz_151.649V
0	377.724227
10.5	385.477338
21	393.549867
31.5	401.961934
42	410.735382
52.5	419.893965
63	429.463559
73.5	439.472411
84	449.951407
94.5	460.934392
105	472.458533
115.5	484.564733
126	497.298112
136.5	510.708563
147	524.851400
157.5	539.788111
168	555.587239
178.5	572.325423
189	590.088625
199.5	608.973582
210	629.089544
220.5	650.560352
231	673.526949
241.5	698.150414
252	724.615671
262.5	753.136039
273	783.958853
283.5	817.372472
294	853.715065
304.5	893.385736
315	936.858733
325.5	984.701758
336	1037.599822
346.5	1096.386646
357	1162.086478
367.5	1235.970462
378	1319.633572
388.5	1415.100971
399	1524.976889
409.5	1652.655289
420	1802.620113
430.5	1980.872359
441	2195.523360
451.5	2457.552091
462	2781.495050
472.5	3184.842115
483	3680.732211
493.5	4240.675141
504	4630.311311
514.5	3843.110166
525	0.000000
Torque_35Hz_162.973V
0	351.285723
11.25	358.518845
22.5	366.050392
33.75	373.899192
45	382.085692
56.25	390.632127
67.5	399.562729
78.75	408.903947
90	418.684714
101.25	428.936738
112.5	439.694847
123.75	450.997380
135	462.886637
146.25	475.409408
157.5	488.617580
168.75	502.568849
180	517.327555
191.25	532.965659
202.5	549.563908
213.75	567.213211
225	586.016279
236.25	606.089602
247.5	627.565825
258.75	650.596633
270	675.356281
281.25	702.045922
292.5	730.898975
303.75	762.187814
315	796.232178
326.25	833.409850
337.5	874.170308
348.75	919.052389
360	968.707357
371.25	1023.929403
382.5	1085.696424
393.75	1155.225310
405	1234.047889
416.25	1324.116799
427.5	1427.955245
438.75	1548.871902
450	1691.273148
461.25	1861.119995
472.5	2066.592864
483.75	2319.020212
495	2633.987826
506.25	3031.793181
517.5	3532.862189
528.75	4127.018646
540	4617.261309
551.25	3985.920352
562.5	0.000000
Torque_37.5Hz_174.299V
0	328.130366
12	334.907701
24	341.964986
36	349.319910
48	356.991679
60	365.001190
72	373.371214
84	382.126612
96	391.294582
108	400.904936
120	410.990428
132	421.587117
144	432.734800
156	444.477504
168	456.864065
180	469.948801
192	483.792298
204	498.462343
216	514.035021
228	530.596020
240	548.242190
252	567.083419
264	587.244885
276	608.869809
288	632.122808
300	657.194019
312	684.304225
324	713.711239
336	745.717959
348	780.682590
360	819.031767
372	861.277543
384	908.039661
396	960.075059
408	1018.317495
420	1083.931470
432	1158.386710
444	1243.562654
456	1341.897476
468	1456.604232
480	1591.989451
492	1753.929122
504	1950.583652
516	2193.454711
528	2498.825235
540	2889.092715
552	3390.594769
564	4009.324403
576	4586.258477
588	4112.983036
600	0.000000
Torque_40Hz_185.625V
0	307.675512
12.75	314.050252
25.5	320.688569
38.25	327.607137
51	334.824064
63.75	342.359051
76.5	350.233567
89.25	358.471060
102	367.097179
114.75	376.140050
127.5	385.630570
140.25	395.602766
153	406.094196
165.75	417.146418
178.5	428.805539
191.25	441.122850
204	454.155578
216.75	467.967762
229.5	482.631302
242.25	498.227195
255	514.847019
267.75	532.594710
280.5	551.588716
293.25	571.964606
306	593.878274
318.75	617.509869
331.5	643.068689
344.25	670.799281
357	700.989154
369.75	733.978570
382.5	770.173143
395.25	810.060172
408	854.230107
420.75	903.405047
433.5	958.477134
446.25	1020.560976
459	1091.066361
471.75	1171.800800
484.5	1265.116726
497.25	1374.126787
510	1503.024768
522.75	1657.572624
535.5	1845.849380
548.25	2079.402193
561	2374.943941
573.75	2756.407174
586.5	3254.861764
599.25	3890.335505
612	4540.970880
624.75	4224.939097
637.5	0.000000
Torque_42.5Hz_196.953V
0	289.466818
13.5	295.483485
27	301.749130
40.5	308.279517
54	315.091769
67.5	322.204516
81	329.638066
94.5	337.414595
108	345.558369
121.5	354.095996
135	363.056713
148.5	372.472721
162	382.379568
175.5	392.816595
189	403.827453
202.5	415.460714
216	427.770577
229.5	440.817709
243	454.670238
256.5	469.404927
270	485.108592
283.5	501.879792
297	519.830880
310.5	539.090495
324	559.806614
337.5	582.150308
351	606.320416
364.5	632.549388
378	661.110658
391.5	692.328040
405	726.587816
418.5	764.354445
432	806.191226
445.5	852.787811
459	904.997338
472.5	963.887286
486	1030.810265
499.5	1107.504252
513	1196.237249
526.5	1300.020291
540	1422.927804
553.5	1570.589783
567	1750.962303
580.5	1975.546160
594	2261.282572
607.5	2633.192012
621	3126.083999
634.5	3772.010341
648	4484.514499
661.5	4322.519080
675	0.000000
Torque_45Hz_208.281V
0	273.145030
14.25	278.841244
28.5	284.773340
42.75	290.956264
57	297.406254
71.25	304.140976
85.5	311.179691
99.75	318.543432
114	326.255218
128.25	334.340291
142.5	342.826390
156.75	351.744070
171	361.127065
185.25	371.012714
199.5	381.442455
213.75	392.462399
228	404.124012
242.25	416.484909
256.5	429.609802
270.75	443.571624
285	458.452872
299.25	474.347227
313.5	491.361508
327.75	509.618055
342	529.257639
356.25	550.443061
370.5	573.363617
384.75	598.240695
399	625.334843
413.25	654.954780
427.5	687.469004
441.75	723.320899
456	763.048632
470.25	807.311693
484.5	856.926783
498.75	912.917089
513	976.581060
527.25	1049.590144
541.5	1134.130440
555.75	1233.112440
570	1350.488780
584.25	1491.747232
598.5	1664.693483
612.75	1880.716576
627	2156.834753
641.25	2518.804603
655.5	3004.350232
669.75	3655.716816
684	4419.502881
698.25	4406.517453
712.5	0.000000
Torque_47.5Hz_219.609V
0	258.425461
15	263.833337
30	269.465287
45	275.335521
60	281.459475
75	287.853945
90	294.537243
105	301.529371
120	308.852218
135	316.529789
150	324.588470
165	333.057322
180	341.968439
195	351.357346
210	361.263470
225	371.730695
240	382.808004
255	394.550242
270	407.019021
285	420.283787
300	434.423114
315	449.526241
330	465.694949
345	483.045832
360	501.713087
375	521.851958
390	543.643015
405	567.297513
420	593.064181
435	621.237866
450	652.170691
465	686.286588
480	724.100462
495	766.243793
510	813.499312
525	866.848706
540	927.539365
555	997.179512
570	1077.876579
585	1172.443046
600	1284.710136
615	1420.018470
630	1586.006075
645	1793.904479
660	2060.696199
675	2412.598642
690	2889.570831
705	3542.422384
720	4348.153092
735	4477.819356
750	0.000000
Torque_50Hz_230.94V
0	221.932691
15.75	226.609523
31.5	231.480238
47.25	236.557138
63	241.853588
78.75	247.384133
94.5	253.164629
110.25	259.212397
126	265.546394
141.75	272.187413
157.5	279.158306
173.25	286.484251
189	294.193049
204.75	302.315481
220.5	310.885710
236.25	319.941767
252	329.526104
267.75	339.686262
283.5	350.475653
299.25	361.954493
315	374.190919
330.75	387.262333
346.5	401.257031
362.25	416.276180
378	432.436250
393.75	449.872010
409.5	468.740257
425.25	489.224498
441	511.540857
456.75	535.945639
472.5	562.745074
488.25	592.308026
504	625.082781
519.75	661.619481
535.5	702.600580
551.25	748.882791
567	801.555908
582.75	862.026848
598.5	932.142272
614.25	1014.371695
630	1112.087945
645.75	1230.008788
661.5	1374.912872
677.25	1556.833870
693	1791.094321
708.75	2101.739746
724.5	2526.602870
740.25	3118.335849
756	3881.149621
771.75	4121.971258
787.5	0.000000
Torque_52.5Hz_230.94V
0	191.652898
16.5	195.724536
33	199.965044
49.5	204.385141
66	208.996475
82.5	213.811722
99	218.844702
115.5	224.110513
132	229.625678
148.5	235.408324
165	241.478373
181.5	247.857776
198	254.570774
214.5	261.644206
231	269.107867
247.5	276.994923
264	285.342405
280.5	294.191784
297	303.589658
313.5	313.588568
330	324.247976
346.5	335.635440
363	347.828035
379.5	360.914093
396	374.995324
412.5	390.189445
429	406.633449
445.5	424.487703
462	443.941143
478.5	465.217904
495	488.585882
511.5	514.367912
528	542.956534
544.5	574.833765
561	610.597950
577.5	651.000824
594	696.999554
610.5	749.831264
627	811.122051
643.5	883.050311
660	968.597974
676.5	1071.948335
693	1199.136095
709.5	1359.144121
726	1565.806208
742.5	1841.131968
759	2220.662234
775.5	2757.339619
792	3475.643531
808.5	3801.145619
825	0.000000
Torque_55Hz_230.94V
0	166.297732
17.25	169.864107
34.5	173.578453
51.75	177.450168
69	181.489463
86.25	185.707451
103.5	190.116251
120.75	194.729098
138	199.560483
155.25	204.626299
172.5	209.944018
189.75	215.532891
207	221.414179
224.25	227.611425
241.5	234.150762
258.75	241.061288
276	248.375491
293.25	256.129759
310.5	264.364983
327.75	273.127275
345	282.468826
362.25	292.448940
379.5	303.135288
396.75	314.605435
414	326.948708
431.25	340.268515
448.5	354.685218
465.75	370.339754
483	387.398207
500.25	406.057665
517.5	426.553772
534.75	449.170608
552	474.253743
569.25	502.227731
586.5	533.619902
603.75	569.093230
621	609.492569
638.25	655.910979
655.5	709.786960
672.75	773.050558
690	848.348907
707.25	939.405116
724.5	1051.608572
741.75	1193.020543
759	1376.145464
776.25	1621.111397
793.5	1961.131020
810.75	2448.386129
828	3122.204948
845.25	3511.092872
862.5	0.000000
Torque_57.5Hz_230.94V
0	144.885403
18	148.026668
36	151.298310
54	154.708613
72	158.266579
90	161.982004
108	165.865569
126	169.928946
144	174.184907
162	178.647468
180	183.332032
198	188.255575
216	193.436845
234	198.896604
252	204.657902
270	210.746400
288	217.190758
306	224.023073
324	231.279422
342	239.000489
360	247.232329
378	256.027277
396	265.445063
414	275.554156
432	286.433420
450	298.174168
468	310.882703
486	324.683526
504	339.723385
522	356.176468
540	374.251103
558	394.198522
576	416.324455
594	441.004678
612	468.706178
630	500.016421
648	535.684589
666	576.680809
684	624.283179
702	680.208829
720	746.816897
738	827.432834
756	926.884861
774	1052.425349
792	1215.374412
810	1434.137102
828	1739.642283
846	2182.617572
864	2813.030230
882	3248.207527
900	0.000000
Torque_60Hz_230.94V
0	126.658906
18.75	129.439948
37.5	132.336451
56.25	135.355755
75	138.505833
93.75	141.795365
112.5	145.233814
131.25	148.831521
150	152.599806
168.75	156.551084
187.5	160.699008
206.25	165.058620
225	169.646537
243.75	174.481157
262.5	179.582912
281.25	184.974549
300	190.681472
318.75	196.732136
337.5	203.158527
356.25	209.996718
375	217.287547
393.75	225.077430
412.5	233.419341
431.25	242.374017
450	252.011424
468.75	262.412583
487.5	273.671834
506.25	285.899684
525	299.226415
543.75	313.806706
562.5	329.825599
581.25	347.506313
600	367.120579
618.75	389.002515
637.5	413.567531
656.25	441.338490
675	472.982617
693.75	509.364580
712.5	551.624619
731.25	601.296461
750	660.490432
768.75	732.187084
787.5	820.725277
806.25	932.646370
825	1078.216357
843.75	1274.271750
862.5	1549.550243
881.25	1952.886549
900	2541.632230
918.75	3009.405839
937.5	0.000000
Torque_62.5Hz_230.94V
0	111.028237
19.5	113.502035
39	116.078566
58.5	118.764362
78	121.566520
97.5	124.492766
117	127.551523
136.5	130.751997
156	134.104263
175.5	137.619374
195	141.309485
214.5	145.187988
234	149.269676
253.5	153.570933
273	158.109949
292.5	162.906982
312	167.984652
331.5	173.368305
351	179.086426
370.5	185.171147
390	191.658847
409.5	198.590875
429	206.014430
448.5	213.983632
468	222.560833
487.5	231.818245
507	241.839964
526.5	252.724513
546	264.588068
565.5	277.568586
585	291.831147
604.5	307.574937
624	325.042507
643.5	344.532200
663	366.415093
682.5	391.158480
702	419.359005
721.5	451.790403
741	489.473859
760.5	533.784390
780	586.616460
799.5	650.650368
819	729.796954
838.5	829.971428
858	960.501518
877.5	1136.801133
897	1385.536411
916.5	1753.390592
936	2302.595225
955.5	2792.031616
975	0.000000
Torque_65Hz_230.94V
0	97.528973
20.25	99.739123
40.5	102.041080
60.75	104.440681
81	106.944271
101.25	109.558756
121.5	112.291667
141.75	115.151233
162	118.146461
182.25	121.287235
202.5	124.584419
222.75	128.049990
243	131.697174
263.25	135.540621
283.5	139.596598
303.75	143.883220
324	148.420718
344.25	153.231760
364.5	158.341825
384.75	163.779653
405	169.577789
425.25	175.773225
445.5	182.408190
465.75	189.531111
486	197.197786
506.25	205.472845
526.5	214.431563
546.75	224.162144
567	234.768609
587.25	246.374508
607.5	259.127708
627.75	273.206670
648	288.828766
668.25	306.261449
688.5	325.837500
708.75	347.976160
729	373.212994
749.25	402.242952
769.5	435.983919
789.75	475.672972
810	523.016528
830.25	580.432544
850.5	651.456343
870.75	741.450519
891	858.907084
911.25	1017.952554
931.5	1243.314146
951.75	1579.391558
972	2091.379672
992.25	2593.782720
1012.5	0.000000
Torque_67.5Hz_230.94V
0	85.792176
21	87.774816
42	89.839829
63	91.992455
84	94.238388
105	96.583828
126	99.035532
147	101.600886
168	104.287977
189	107.105674
210	110.063733
231	113.172901
252	116.445055
273	119.893344
294	123.532375
315	127.378410
336	131.449616
357	135.766344
378	140.351475
399	145.230820
420	150.433604
441	155.993053
462	161.947098
483	168.339240
504	175.219607
525	182.646268
546	190.686865
567	199.420664
588	208.941165
609	219.359434
630	230.808425
651	243.448633
672	257.475594
693	273.129961
714	290.711265
735	310.597004
756	333.269631
777	359.355525
798	389.682551
819	425.367386
840	467.951992
861	519.624284
882	583.589107
903	664.720194
924	770.764328
945	914.684321
966	1119.405151
987	1426.998769
1008	1904.165755
1029	2412.653010
1050	0.000000
Torque_70Hz_230.94V
0	75.522268
21.75	77.307555
43.5	79.167029
65.25	81.105412
87	83.127833
108.75	85.239876
130.5	87.447629
152.25	89.757748
174	92.177516
195.75	94.714926
217.5	97.378766
239.25	100.178722
261	103.125492
282.75	106.230928
304.5	109.508190
326.25	112.971934
348	116.638531
369.75	120.526323
391.5	124.655931
413.25	129.050619
435	133.736731
456.75	138.744218
478.5	144.107274
500.25	149.865120
522	156.062953
543.75	162.753136
565.5	169.996670
587.25	177.865049
609	186.442615
630.75	195.829569
652.5	206.145881
674.25	217.536398
696	230.177630
717.75	244.286869
739.5	260.134646
761.25	278.062029
783	298.505089
804.75	322.030262
826.5	349.386638
848.25	381.585385
870	420.024094
891.75	466.688257
913.5	524.490987
935.25	597.872489
957	693.914040
978.75	824.526952
1000.5	1010.969005
1022.25	1293.000334
1044	1737.727338
1065.75	2246.885922
1087.5	0.000000
Torque_72.5Hz_230.94V
0	66.480569
22.5	68.093828
45	69.774138
67.5	71.525767
90	73.353350
112.5	75.261936
135	77.257031
157.5	79.344649
180	81.531376
202.5	83.824438
225	86.231782
247.5	88.762162
270	91.425255
292.5	94.231775
315	97.193622
337.5	100.324050
360	103.637862
382.5	107.151647
405	110.884053
427.5	114.856121
450	119.091679
472.5	123.617817
495	128.465469
517.5	133.670113
540	139.272643
562.5	145.320435
585	151.868688
607.5	158.982102
630	166.737015
652.5	175.224128
675	184.552055
697.5	194.851954
720	206.283683
742.5	219.044082
765	233.378282
787.5	249.595421
810	268.090894
832.5	289.378524
855	314.138191
877.5	343.288252
900	378.099095
922.5	420.377492
945	472.778246
967.5	539.356146
990	626.597158
1012.5	745.462313
1035	915.672153
1057.5	1174.731144
1080	1589.329942
1102.5	2094.936944
1125	0.000000
Torque_75Hz_230.94V
0	58.472923
23.25	59.935549
46.5	61.458974
69.75	63.047068
93	64.704038
116.25	66.434462
139.5	68.243332
162.75	70.136105
186	72.118754
209.25	74.197833
232.5	76.380550
255.75	78.674847
279	81.089500
302.25	83.634230
325.5	86.319832
348.75	89.158329
372	92.163151
395.25	95.349349
418.5	98.733843
441.75	102.335723
465	106.176610
488.25	110.281088
511.5	114.677228
534.75	119.397228
558	124.478203
581.25	129.963157
604.5	135.902196
627.75	142.354057
651	149.388049
674.25	157.086536
697.5	165.548155
720.75	174.892038
744	185.263411
767.25	196.841134
790.5	209.847996
813.75	224.565042
837	241.351852
860.25	260.675892
883.5	283.156006
906.75	309.628612
930	341.251633
953.25	379.673532
976.5	427.319723
999.75	487.901481
1023	567.371290
1046.25	675.830882
1069.5	831.586456
1092.75	1069.968945
1116	1456.647806
1139.25	1955.442965
1162.5	0.000000
Torque_77.5Hz_230.94V
0	51.340309
24	52.670471
48	54.055935
72	55.500220
96	57.007153
120	58.580899
144	60.226000
168	61.947420
192	63.750594
216	65.641485
240	67.626649
264	69.713315
288	71.909466
312	74.223948
336	76.666583
360	79.248312
384	81.981357
408	84.879412
432	87.957876
456	91.234124
480	94.727833
504	98.461378
528	102.460309
552	106.753937
576	111.376048
600	116.365791
624	121.768786
648	127.638518
672	134.038099
696	141.042539
720	148.741683
744	157.244054
768	166.681971
792	177.218422
816	189.056476
840	202.452360
864	217.734004
888	235.327880
912	255.798812
936	279.910623
960	308.721475
984	343.739160
1008	387.184797
1032	442.462735
1056	515.046468
1080	614.260019
1104	757.110086
1128	976.852050
1152	1337.696171
1176	1827.197002
1200	0.000000
Torque_80Hz_230.94V
0	44.951641
24.75	46.164854
49.5	47.428512
74.25	48.745828
99	50.120292
123.75	51.555704
148.5	53.056208
173.25	54.626335
198	56.271041
222.75	57.995768
247.5	59.806499
272.25	61.709829
297	63.713043
321.75	65.824212
346.5	68.052300
371.25	70.407291
396	72.900337
420.75	75.543937
445.5	78.352144
470.25	81.340816
495	84.527912
519.75	87.933855
544.5	91.581968
569.25	95.499005
594	99.715810
618.75	104.268125
643.5	109.197601
668.25	114.553073
693	120.392175
717.75	126.783411
742.5	133.808839
767.25	141.567594
792	150.180563
816.75	159.796678
841.5	170.601533
866.25	182.829356
891	196.780007
915.75	212.843579
940.5	231.536924
965.25	253.559340
990	279.880207
1014.75	311.881950
1039.5	351.603231
1064.25	402.173486
1089	468.635303
1113.75	559.608083
1138.5	690.905424
1163.25	893.813836
1188	1230.775788
1212.75	1709.127168
1237.5	0.000000
Torque_82.5Hz_230.94V
0	39.198211
25.5	40.307783
51	41.463496
76.5	42.668290
102	43.925356
127.5	45.238173
153	46.610530
178.5	48.046572
204	49.550834
229.5	51.128296
255	52.784430
280.5	54.525269
306	56.357482
331.5	58.288450
357	60.326378
382.5	62.480398
408	64.760717
433.5	67.178772
459	69.747423
484.5	72.481180
510	75.396479
535.5	78.512012
561	81.849124
586.5	85.432302
612	89.289778
637.5	93.454270
663	97.963906
688.5	102.863395
714	108.205504
739.5	114.052958
765	120.480904
790.5	127.580133
816	135.461375
841.5	144.261068
867	154.149267
892.5	165.340636
918	178.110055
943.5	192.815229
969	209.930270
994.5	230.096940
1020	254.205377
1045.5	283.525943
1071	319.933913
1096.5	366.311888
1122	427.314039
1147.5	510.920570
1173	631.850000
1198.5	819.530299
1224	1134.427275
1249.5	1600.279041
1275	0.000000
Torque_85Hz_230.94V
0	33.989358
26.25	35.006758
52.5	36.066472
78.75	37.171193
105	38.323852
131.25	39.527636
157.5	40.786022
183.75	42.102812
210	43.482165
236.25	44.928648
262.5	46.447282
288.75	48.043600
315	49.723717
341.25	51.494408
367.5	53.363194
393.75	55.338457
420	57.429558
446.25	59.646990
472.5	62.002549
498.75	64.509548
525	67.183068
551.25	70.040256
577.5	73.100697
603.75	76.386862
630	79.924656
656.25	83.744101
682.5	87.880190
708.75	92.373956
735	97.273830
761.25	102.637390
787.5	108.533619
813.75	115.045875
840	122.275830
866.25	130.348783
892.5	139.420927
918.75	149.689469
945	161.406988
971.25	174.902264
997.5	190.611213
1023.75	209.124144
1050	231.260255
1076.25	258.189466
1102.5	291.640355
1128.75	334.273377
1155	390.391890
1181.25	467.395479
1207.5	578.997484
1233.75	752.877870
1260	1047.393434
1286.25	1499.800754
1312.5	0.000000
Torque_87.5Hz_230.94V
0	29.249065
27	30.184221
54	31.158273
81	32.173699
108	33.233192
135	34.339683
162	35.496370
189	36.706745
216	37.974635
243	39.304238
270	40.700170
297	42.167519
324	43.711909
351	45.339566
378	47.057409
405	48.873143
432	50.795378
459	52.833761
486	54.999141
513	57.303761
540	59.761489
567	62.388096
594	65.201594
621	68.222650
648	71.475093
675	74.986537
702	78.789172
729	82.920746
756	87.425815
783	92.357356
810	97.778843
837	103.766986
864	110.415358
891	117.839292
918	126.182580
945	135.626801
972	146.404570
999	158.818755
1026	173.271039
1053	190.305580
1080	210.677897
1107	235.467642
1134	266.271353
1161	305.549096
1188	357.286758
1215	428.355762
1242	531.546501
1269	692.899308
1296	968.588035
1323	1406.930331
1350	0.000000
Torque_90Hz_230.94V
0	24.913279
27.75	25.774816
55.5	26.672191
83.25	27.607686
111	28.583783
138.75	29.603184
166.5	30.668833
194.25	31.783952
222	32.952064
249.75	34.177040
277.5	35.463132
305.25	36.815030
333	38.237915
360.75	39.737528
388.5	41.320243
416.25	42.993162
444	44.764220
471.75	46.642308
499.5	48.637426
527.25	50.760857
555	53.025385
582.75	55.445546
610.5	58.037944
638.25	60.821630
666	63.818570
693.75	67.054222
721.5	70.558265
749.25	74.365499
777	78.517010
804.75	83.061647
832.5	88.057947
860.25	93.576656
888	99.704084
915.75	106.546621
943.5	114.236930
971.25	122.942566
999	132.878214
1026.75	144.323465
1054.5	157.649234
1082.25	173.358175
1110	192.148493
1137.75	215.018508
1165.5	243.445617
1193.25	279.708726
1221	327.505861
1248.75	393.227305
1276.5	488.815556
1304.25	638.775989
1332	897.069874
1359.75	1320.984839
1387.5	0.000000
Torque_92.5Hz_230.94V
0	20.927765
28.5	21.723208
57	22.551742
85.5	23.415476
114	24.316700
142.5	25.257910
171	26.241826
199.5	27.271420
228	28.349950
256.5	29.480986
285	30.668459
313.5	31.916699
342	33.230491
370.5	34.615136
399	36.076522
427.5	37.621209
456	39.256524
484.5	40.990680
513	42.832914
541.5	44.793647
570	46.884688
598.5	49.119465
627	51.513315
655.5	54.083837
684	56.851323
712.5	59.839295
741	63.075171
769.5	66.591106
798	70.425063
826.5	74.622182
855	79.236557
883.5	84.333573
912	89.993005
940.5	96.313200
969	103.416806
997.5	111.458750
1026	120.637579
1054.5	131.211913
1083	143.524944
1111.5	158.041902
1140	175.409271
1168.5	196.551912
1197	222.839479
1225.5	256.386735
1254	300.630201
1282.5	361.521199
1311	450.222754
1339.5	589.805292
1368	832.021137
1396.5	1241.351068
1425	0.000000
Torque_95Hz_230.94V
0	17.246398
29.25	17.982335
58.5	18.748891
87.75	19.548015
117	20.381829
146.25	21.252640
175.5	22.162966
204.75	23.115558
234	24.113430
263.25	25.159887
292.5	26.258566
321.75	27.413473
351	28.629038
380.25	29.910165
409.5	31.262305
438.75	32.691528
468	34.204615
497.25	35.809169
526.5	37.513736
555.75	39.327965
585	41.262783
614.25	43.330620
643.5	45.545672
672.75	47.924231
702	50.485080
731.25	53.249994
760.5	56.244356
789.75	59.497934
819	63.045878
848.25	66.929982
877.5	71.200337
906.75	75.917492
936	81.155328
965.25	87.004936
994.5	93.579928
1023.75	101.023837
1053	109.520637
1082.25	119.310016
1111.5	130.710114
1140.75	144.152335
1170	160.236381
1199.25	179.820607
1228.5	204.177004
1257.75	235.271309
1287	276.302033
1316.25	332.819415
1345.5	415.269338
1374.75	545.382059
1404	772.729308
1433.25	1167.477466
1462.5	0.000000
Torque_97.5Hz_230.94V
0	13.829783
30	14.512002
60	15.222607
90	15.963405
120	16.736363
150	17.543621
180	18.387513
210	19.270591
240	20.195647
270	21.165747
300	22.184263
330	23.254910
360	24.381794
390	25.569465
420	26.822975
450	28.147953
480	29.550688
510	31.038229
540	32.618503
570	34.300455
600	36.094221
630	38.011326
660	40.064938
690	42.270165
720	44.644429
750	47.207925
780	49.984197
810	53.000858
840	56.290513
870	59.891933
900	63.851591
930	68.225662
960	73.082699
990	78.507231
1020	84.604696
1050	91.508319
1080	99.388885
1110	108.468943
1140	119.043948
1170	131.514651
1200	146.438343
1230	164.613032
1260	187.221993
1290	216.095386
1320	254.214696
1350	306.763145
1380	383.526231
1410	504.983336
1440	718.571982
1470	1098.867152
1500	0.000000
Torque_100Hz_230.94V
0	10.644137
30.75	11.277739
61.5	11.937705
92.25	12.625715
123	13.343596
153.75	14.093335
184.5	14.877100
215.25	15.697262
246	16.556414
276.75	17.457405
307.5	18.403367
338.25	19.397750
369	20.444369
399.75	21.547451
430.5	22.711690
461.25	23.942313
492	25.245165
522.75	26.626792
553.5	28.094560
584.25	29.656780
615	31.322867
645.75	33.103531
676.5	35.011005
707.25	37.059327
738	39.264684
768.75	41.645843
799.5	44.224680
830.25	47.026856
861	50.082670
891.75	53.428156
922.5	57.106504
953.25	61.169929
984	65.682153
1014.75	70.721756
1045.5	76.386766
1076.25	82.801057
1107	90.123455
1137.75	98.560952
1168.5	108.388412
1199.25	119.978753
1230	133.850725
1260.75	150.747459
1291.5	171.771478
1322.25	198.629353
1353	234.104331
1383.75	283.043280
1414.5	354.623004
1445.25	468.155754
1476	669.004086
1506.75	1035.071818
1537.5	0.000000
Torque_102.5Hz_230.94V
0	7.660377
31.5	8.249872
63	8.863897
94.5	9.504016
126	10.171927
157.5	10.869482
189	11.598696
220.5	12.361777
252	13.161137
283.5	13.999427
315	14.879561
346.5	15.804751
378	16.778547
409.5	17.804882
441	18.888123
472.5	20.033137
504	21.245361
535.5	22.530890
567	23.896576
598.5	25.350156
630	26.900391
661.5	28.557251
693	30.332119
724.5	32.238063
756	34.290150
787.5	36.505847
819	38.905518
850.5	41.513050
882	44.356650
913.5	47.469863
945	50.892899
976.5	54.674376
1008	58.873626
1039.5	63.563824
1071	68.836264
1102.5	74.806321
1134	81.621945
1165.5	89.475984
1197	98.624570
1228.5	109.415287
1260	122.331789
1291.5	138.067204
1323	157.650400
1354.5	182.675077
1386	215.743086
1417.5	261.392591
1449	328.238785
1480.5	434.505056
1512	623.547096
1543.5	975.686404
1575	0.000000
Torque_105Hz_230.94V
0	4.853377
32.25	5.402763
64.5	5.975012
96.75	6.571581
129	7.194054
161.25	7.844154
193.5	8.523763
225.75	9.234936
258	9.979923
290.25	10.761195
322.5	11.581467
354.75	12.443735
387	13.351306
419.25	14.307847
451.5	15.317429
483.75	16.384590
516	17.514396
548.25	18.712529
580.5	19.985379
612.75	21.340157
645	22.785030
677.25	24.329293
709.5	25.983560
741.75	27.760012
774	29.672697
806.25	31.737901
838.5	33.974611
870.75	36.405101
903	39.055671
935.25	41.957603
967.5	45.148394
999.75	48.673385
1032	52.587914
1064.25	56.960231
1096.5	61.875498
1128.75	67.441349
1161	73.795823
1193.25	81.118880
1225.5	89.649570
1257.75	99.712375
1290	111.758928
1322.25	126.436697
1354.5	144.707242
1386.75	168.060990
1419	198.933529
1451.25	241.579282
1483.5	304.094734
1515.75	403.687378
1548	581.779904
1580.25	920.344431
1612.5	0.000000
Torque_107.5Hz_230.94V
0	2.201350
33	2.714184
66	3.248361
99	3.805242
132	4.386303
165	4.993157
198	5.627557
231	6.291423
264	6.986857
297	7.716164
330	8.481880
363	9.286801
396	10.134016
429	11.026947
462	11.969397
495	12.965601
528	14.020290
561	15.138770
594	16.327005
627	17.591730
660	18.940572
693	20.382207
726	21.926547
759	23.584969
792	25.370588
825	27.298615
858	29.386780
891	31.655885
924	34.130492
957	36.839818
990	39.818886
1023	43.110046
1056	46.764991
1089	50.847481
1122	55.437076
1155	60.634347
1188	66.568284
1221	73.407073
1254	81.374167
1287	90.772931
1320	102.025722
1353	115.738242
1386	132.810422
1419	154.638036
1452	183.504025
1485	223.401643
1518	281.947788
1551	375.401949
1584	543.331071
1617	868.713890
1650	0.000000
Torque_110Hz_230.94V
0	0.000000
33.75	0.164800
67.5	0.664207
101.25	1.184841
135	1.728084
168.75	2.295441
202.5	2.888554
236.25	3.509216
270	4.159393
303.75	4.841242
337.5	5.557132
371.25	6.309678
405	7.101770
438.75	7.936606
472.5	8.817743
506.25	9.749140
540	10.735223
573.75	11.780952
607.5	12.891906
641.25	14.074381
675	15.335510
708.75	16.683408
742.5	18.127344
776.25	19.677956
810	21.347512
843.75	23.150237
877.5	25.102715
911.25	27.224400
945	29.538268
978.75	32.071646
1012.5	34.857297
1046.25	37.934838
1080	41.352627
1113.75	45.170318
1147.5	49.462350
1181.25	54.322832
1215	59.872476
1248.75	66.268698
1282.5	73.720669
1316.25	82.512424
1350	93.039503
1383.75	105.869327
1417.5	121.845306
1451.25	142.276304
1485	169.304897
1518.75	206.683608
1552.5	261.585443
1586.25	349.384971
1620	507.872230
1653.75	820.493625
1687.5	0.000000
Torque_112.5Hz_230.94V
0	0.000000
34.5	0.000000
69	0.000000
103.5	0.000000
138	0.000000
172.5	0.000000
207	0.287970
241.5	0.869096
276	1.477858
310.5	2.116276
345	2.786569
379.5	3.491187
414	4.232832
448.5	5.014504
483	5.839530
517.5	6.711620
552	7.634917
586.5	8.614067
621	9.654294
655.5	10.761495
690	11.942351
724.5	13.204460
759	14.556504
793.5	16.008446
828	17.571777
862.5	19.259820
897	21.088106
931.5	23.074860
966	25.241602
1000.5	27.613930
1035	30.222536
1069.5	33.104533
1104	36.305226
1138.5	39.880504
1173	43.900119
1207.5	48.452253
1242	53.650033
1276.5	59.641000
1311	66.621231
1345.5	74.857030
1380	84.719325
1414.5	96.740394
1449	111.711714
1483.5	130.862223
1518	156.205225
1552.5	191.271042
1587	242.821387
1621.5	325.404461
1656	475.112454
1690.5	775.410137
1725	0.000000
Torque_115Hz_230.94V
0	0.000000
35.25	0.000000
70.5	0.000000
105.75	0.000000
141	0.000000
176.25	0.000000
211.5	0.000000
246.75	0.000000
282	0.000000
317.25	0.000000
352.5	0.152115
387.75	0.812786
423	1.508179
458.25	2.241103
493.5	3.014682
528.75	3.832392
564	4.698120
599.25	5.616222
634.5	6.591598
669.75	7.629777
705	8.737026
740.25	9.920470
775.5	11.188252
810.75	12.549717
846	14.015640
881.25	15.598518
916.5	17.312919
951.75	19.175936
987	21.207755
1022.25	23.432389
1057.5	25.878627
1092.75	28.581284
1128	31.582865
1163.25	34.935805
1198.5	38.705548
1233.75	42.974840
1269	47.849841
1304.25	53.469022
1339.5	60.016432
1374.75	67.742081
1410	76.994275
1445.25	88.272968
1480.5	102.321846
1515.75	120.296223
1551	144.090167
1586.25	177.028629
1621.5	225.491824
1656.75	303.255897
1692	444.793448
1727.25	733.214752
1762.5	0.000000
Torque_117.5Hz_230.94V
0	0.000000
36	0.000000
72	0.000000
108	0.000000
144	0.000000
180	0.000000
216	0.000000
252	0.000000
288	0.000000
324	0.000000
360	0.000000
396	0.000000
432	0.000000
468	0.000000
504	0.325572
540	1.093329
576	1.906174
612	2.768197
648	3.684000
684	4.658775
720	5.698406
756	6.809586
792	7.999961
828	9.278307
864	10.654744
900	12.141009
936	13.750784
972	15.500122
1008	17.407983
1044	19.496922
1080	21.793980
1116	24.331861
1152	27.150493
1188	30.299135
1224	33.839270
1260	37.848644
1296	42.427011
1332	47.704495
1368	53.854078
1404	61.110771
1440	69.802051
1476	80.398095
1512	93.598534
1548	110.490760
1584	132.858706
1620	163.837253
1656	209.452376
1692	282.758526
1728	416.685407
1764	693.681109
1800	0.000000
Torque_120Hz_230.94V
0	0.000000
36.75	0.000000
73.5	0.000000
110.25	0.000000
147	0.000000
183.75	0.000000
220.5	0.000000
257.25	0.000000
294	0.000000
330.75	0.000000
367.5	0.000000
404.25	0.000000
441	0.000000
477.75	0.000000
514.5	0.000000
551.25	0.000000
588	0.000000
624.75	0.053076
661.5	0.914057
698.25	1.830484
735	2.807890
771.75	3.852568
808.5	4.971708
845.25	6.173562
882	7.467647
918.75	8.864999
955.5	10.378485
992.25	12.023202
1029	13.816979
1065.75	15.781030
1102.5	17.940786
1139.25	20.327006
1176	22.977245
1212.75	25.937836
1249.5	29.266618
1286.25	33.036726
1323	37.342011
1359.75	42.304909
1396.5	48.088199
1433.25	54.913063
1470	63.087769
1506.75	73.055016
1543.5	85.473768
1580.25	101.368662
1617	122.421751
1653.75	151.591785
1690.5	194.575462
1727.25	263.752221
1764	390.583474
1800.75	656.602935
1837.5	0.000000
Torque_122.5Hz_230.94V
0	0.000000
37.5	0.000000
75	0.000000
112.5	0.000000
150	0.000000
187.5	0.000000
225	0.000000
262.5	0.000000
300	0.000000
337.5	0.000000
375	0.000000
412.5	0.000000
450	0.000000
487.5	0.000000
525	0.000000
562.5	0.000000
600	0.000000
637.5	0.000000
675	0.000000
712.5	0.000000
750	0.049061
787.5	1.032437
825	2.085912
862.5	3.217253
900	4.435423
937.5	5.750810
975	7.175531
1012.5	8.723799
1050	10.412404
1087.5	12.261319
1125	14.294492
1162.5	16.540888
1200	19.035872
1237.5	21.823081
1275	24.956985
1312.5	28.506471
1350	32.559940
1387.5	37.232729
1425	42.678201
1462.5	49.104767
1500	56.802950
1537.5	66.190062
1575	77.887462
1612.5	92.861722
1650	112.700528
1687.5	140.199210
1725	180.748068
1762.5	246.094806
1800	366.304672
1837.5	621.792053
1875	0.000000
Torque_125Hz_230.94V
0	0.000000
38.25	0.000000
76.5	0.000000
114.75	0.000000
153	0.000000
191.25	0.000000
229.5	0.000000
267.75	0.000000
306	0.000000
344.25	0.000000
382.5	0.000000
420.75	0.000000
459	0.000000
497.25	0.000000
535.5	0.000000
573.75	0.000000
612	0.000000
650.25	0.000000
688.5	0.000000
726.75	0.000000
765	0.000000
803.25	0.000000
841.5	0.000000
879.75	0.393247
918	1.541321
956.25	2.781027
994.5	4.123786
1032.75	5.582998
1071	7.174489
1109.25	8.917087
1147.5	10.833371
1185.75	12.950648
1224	15.302261
1262.25	17.929353
1300.5	20.883283
1338.75	24.229011
1377	28.049900
1415.25	32.454727
1453.5	37.588146
1491.75	43.646759
1530	50.904673
1568.25	59.755703
1606.5	70.786392
1644.75	84.909510
1683	103.625218
1721.25	129.577033
1759.5	167.869853
1797.75	229.659767
1836	343.685261
1874.25	589.076621
1912.5	0.000000
Torque_127.5Hz_230.94V
0	0.000000
39	0.000000
78	0.000000
117	0.000000
156	0.000000
195	0.000000
234	0.000000
273	0.000000
312	0.000000
351	0.000000
390	0.000000
429	0.000000
468	0.000000
507	0.000000
546	0.000000
585	0.000000
624	0.000000
663	0.000000
702	0.000000
741	0.000000
780	0.000000
819	0.000000
858	0.000000
897	0.000000
936	0.000000
975	0.000000
1014	1.207165
1053	2.584016
1092	4.085694
1131	5.729968
1170	7.538147
1209	9.536006
1248	11.755016
1287	14.234012
1326	17.021476
1365	20.178730
1404	23.784476
1443	27.941418
1482	32.786142
1521	38.504316
1560	45.354837
1599	53.709746
1638	64.123302
1677	77.458359
1716	95.133793
1755	119.651921
1794	155.851525
1833	214.334285
1872	322.578447
1911	558.299543
1950	0.000000
Torque_130Hz_230.94V
0	0.000000
39.75	0.000000
79.5	0.000000
119.25	0.000000
159	0.000000
198.75	0.000000
238.5	0.000000
278.25	0.000000
318	0.000000
357.75	0.000000
397.5	0.000000
437.25	0.000000
477	0.000000
516.75	0.000000
556.5	0.000000
596.25	0.000000
636	0.000000
675.75	0.000000
715.5	0.000000
755.25	0.000000
795	0.000000
834.75	0.000000
874.5	0.000000
914.25	0.000000
954	0.000000
993.75	0.000000
1033.5	0.000000
1073.25	0.000000
1113	1.130424
1152.75	2.683629
1192.5	4.391679
1232.25	6.278927
1272	8.375111
1311.75	10.716927
1351.5	13.350190
1391.25	16.332850
1431	19.739288
1470.75	23.666576
1510.5	28.243823
1550.25	33.646551
1590	40.119549
1629.75	48.014650
1669.5	57.856141
1709.25	70.460499
1749	87.171019
1788.75	110.358539
1828.5	144.613454
1868.25	200.017548
1908	302.852396
1947.75	529.317068
1987.5	0.000000
Torque_132.5Hz_230.94V
0	0.000000
40.5	0.000000
81	0.000000
121.5	0.000000
162	0.000000
202.5	0.000000
243	0.000000
283.5	0.000000
324	0.000000
364.5	0.000000
405	0.000000
445.5	0.000000
486	0.000000
526.5	0.000000
567	0.000000
607.5	0.000000
648	0.000000
688.5	0.000000
729	0.000000
769.5	0.000000
810	0.000000
850.5	0.000000
891	0.000000
931.5	0.000000
972	0.000000
1012.5	0.000000
1053	0.000000
1093.5	0.000000
1134	0.000000
1174.5	0.000000
1215	1.378690
1255.5	3.163338
1296	5.145588
1336.5	7.360153
1377	9.850371
1417.5	12.671064
1458	15.892600
1498.5	19.606823
1539	23.935898
1579.5	29.045926
1620	35.168589
1660.5	42.636940
1701	51.947403
1741.5	63.873318
1782	79.687610
1822.5	101.638553
1863	134.084478
1903.5	186.619295
1944	284.388505
1984.5	501.997518
2025	0.000000
Torque_135Hz_230.94V
0	0.000000
41.25	0.000000
82.5	0.000000
123.75	0.000000
165	0.000000
206.25	0.000000
247.5	0.000000
288.75	0.000000
330	0.000000
371.25	0.000000
412.5	0.000000
453.75	0.000000
495	0.000000
536.25	0.000000
577.5	0.000000
618.75	0.000000
660	0.000000
701.25	0.000000
742.5	0.000000
783.75	0.000000
825	0.000000
866.25	0.000000
907.5	0.000000
948.75	0.000000
990	0.000000
1031.25	0.000000
1072.5	0.000000
1113.75	0.000000
1155	0.000000
1196.25	0.000000
1237.5	0.000000
1278.75	0.174882
1320	2.051302
1361.25	4.147663
1402.5	6.505003
1443.75	9.175234
1485	12.224998
1526.25	15.741275
1567.5	19.839775
1608.75	24.677838
1650	30.474953
1691.25	37.546700
1732.5	46.363568
1773.75	57.658719
1815	72.639490
1856.25	93.439773
1897.5	124.200872
1938.75	174.058556
1980	267.079891
2021.25	476.220162
2062.5	0.000000
Torque_137.5Hz_230.94V
0	0.000000
42	0.000000
84	0.000000
126	0.000000
168	0.000000
210	0.000000
252	0.000000
294	0.000000
336	0.000000
378	0.000000
420	0.000000
462	0.000000
504	0.000000
546	0.000000
588	0.000000
630	0.000000
672	0.000000
714	0.000000
756	0.000000
798	0.000000
840	0.000000
882	0.000000
924	0.000000
966	0.000000
1008	0.000000
1050	0.000000
1092	0.000000
1134	0.000000
1176	0.000000
1218	0.000000
1260	0.000000
1302	0.000000
1344	0.000000
1386	1.065110
1428	3.298852
1470	5.829125
1512	8.719101
1554	12.051236
1596	15.935228
1638	20.520259
1680	26.014463
1722	32.717144
1764	41.074615
1806	51.782579
1848	65.987168
1890	85.715413
1932	114.905461
1974	162.262563
2016	250.830082
2058	451.874198
2100	0.000000
Torque_140Hz_230.94V
0	0.000000
42.75	0.000000
85.5	0.000000
128.25	0.000000
171	0.000000
213.75	0.000000
256.5	0.000000
299.25	0.000000
342	0.000000
384.75	0.000000
427.5	0.000000
470.25	0.000000
513	0.000000
555.75	0.000000
598.5	0.000000
641.25	0.000000
684	0.000000
726.75	0.000000
769.5	0.000000
812.25	0.000000
855	0.000000
897.75	0.000000
940.5	0.000000
983.25	0.000000
1026	0.000000
1068.75	0.000000
1111.5	0.000000
1154.25	0.000000
1197	0.000000
1239.75	0.000000
1282.5	0.000000
1325.25	0.000000
1368	0.000000
1410.75	0.000000
1453.5	0.218255
1496.25	2.618175
1539	5.359322
1581.75	8.519936
1624.5	12.204114
1667.25	16.553429
1710	21.765429
1752.75	28.124234
1795.5	36.053605
1838.25	46.214270
1881	59.695187
1923.75	78.423448
1966.5	106.146853
2009.25	151.165796
2052	235.551860
2094.75	428.857841
2137.5	0.000000
Torque_142.5Hz_230.94V
0	0.000000
43.5	0.000000
87	0.000000
130.5	0.000000
174	0.000000
217.5	0.000000
261	0.000000
304.5	0.000000
348	0.000000
391.5	0.000000
435	0.000000
478.5	0.000000
522	0.000000
565.5	0.000000
609	0.000000
652.5	0.000000
696	0.000000
739.5	0.000000
783	0.000000
826.5	0.000000
870	0.000000
913.5	0.000000
957	0.000000
1000.5	0.000000
1044	0.000000
1087.5	0.000000
1131	0.000000
1174.5	0.000000
1218	0.000000
1261.5	0.000000
1305	0.000000
1348.5	0.000000
1392	0.000000
1435.5	0.000000
1479	0.000000
1522.5	0.000000
1566	2.131651
1609.5	5.132305
1653	8.630125
1696.5	12.759588
1740	17.708353
1783.5	23.746365
1827	31.276315
1870.5	40.926250
1914	53.731655
1957.5	71.526065
2001	97.878765
2044.5	140.709166
2088	221.166256
2131.5	407.077503
2175	0.000000
Torque_145Hz_230.94V
0	0.000000
44.25	0.000000
88.5	0.000000
132.75	0.000000
177	0.000000
221.25	0.000000
265.5	0.000000
309.75	0.000000
354	0.000000
398.25	0.000000
442.5	0.000000
486.75	0.000000
531	0.000000
575.25	0.000000
619.5	0.000000
663.75	0.000000
708	0.000000
752.25	0.000000
796.5	0.000000
840.75	0.000000
885	0.000000
929.25	0.000000
973.5	0.000000
1017.75	0.000000
1062	0.000000
1106.25	0.000000
1150.5	0.000000
1194.75	0.000000
1239	0.000000
1283.25	0.000000
1327.5	0.000000
1371.75	0.000000
1416	0.000000
1460.25	0.000000
1504.5	0.000000
1548.75	0.000000
1593	0.000000
1637.25	1.874771
1681.5	5.198579
1725.75	9.122740
1770	13.825676
1814.25	19.564076
1858.5	26.720930
1902.75	35.893706
1947	48.067834
1991.25	64.989171
2035.5	90.059445
2079.75	130.839288
2124	207.601660
2168.25	386.447055
2212.5	0.000000
Torque_147.5Hz_230.94V
0	0.000000
45	0.000000
90	0.000000
135	0.000000
180	0.000000
225	0.000000
270	0.000000
315	0.000000
360	0.000000
405	0.000000
450	0.000000
495	0.000000
540	0.000000
585	0.000000
630	0.000000
675	0.000000
720	0.000000
765	0.000000
810	0.000000
855	0.000000
900	0.000000
945	0.000000
990	0.000000
1035	0.000000
1080	0.000000
1125	0.000000
1170	0.000000
1215	0.000000
1260	0.000000
1305	0.000000
1350	0.000000
1395	0.000000
1440	0.000000
1485	0.000000
1530	0.000000
1575	0.000000
1620	0.000000
1665	0.000000
1710	1.896231
1755	5.628460
1800	10.101558
1845	15.559811
1890	22.367764
1935	31.094248
1980	42.677781
2025	58.781984
2070	82.651163
2115	121.507856
2160	194.793038
2205	366.887163
2250	0.000000
Torque_150Hz_230.94V
29.5102	3245.812177
67.0101	3245.812177
104.51	3245.812177
142.01	3245.812177
179.51	3245.812177
217.009	3245.812177
254.509	3245.812177
292.009	3245.812177
329.508	3245.812177
367.008	3245.812177
404.507	3245.812177
442.006	3245.812177
479.506	3245.812177
517.005	3245.812177
554.504	3245.812177
592.003	3245.812177
629.503	3245.812177
667.002	3245.812177
704.501	3245.812177
741.999	3245.885771
778.927	3091.880797
815.811	2952.120704
852.638	2824.681545
889.392	2707.913086
926.047	2600.750594
962.557	2502.089171
998.83	2411.210214
1034.62	2327.813582
1067.62	2251.638383
1105.1	2105.385011
1142.59	1972.725599
1180.08	1852.014209
1217.57	1741.845849
1255.05	1641.019455
1292.55	1548.495961
1330.03	1463.381534
1367.53	1384.893804
1405.02	1312.353397
1442.51	1245.166036
1480	1182.807784
1517.49	1124.817832
1554.99	1070.790224
1592.48	1020.362467
1629.97	973.215355
1667.47	929.060302
1704.96	887.644328
1742.46	848.734904
1779.95	812.127697
1817.45	777.636932
1854.94	745.095557
1892.44	714.353380
1929.93	685.271696
1967.43	657.726941
2004.92	631.606355
2042.42	606.807191
2079.92	583.234520
2117.41	560.803346
2154.91	539.434152
2192.4	519.056128
2229.9	499.602640
Output Torque
