"H (kA_per_meter)" 	"B (tesla)"
0 	0
10 	0.016252994
11 	0.017325058000000001
12 	0.018395347999999999
13 	0.019463818000000001
13 	0.020530422
14 	0.021595118999999999
15 	0.022657867000000002
15 	0.023718626
16 	0.024777357999999999
17 	0.025834026
17 	0.026888595000000001
18 	0.027941029999999999
19 	0.028991296999999999
19 	0.030039364999999998
20 	0.031085202999999999
21 	0.032128779000000003
22 	0.033170065999999998
22 	0.034209033999999999
23 	0.035245657
24 	0.036279907
24 	0.037311758
25 	0.038341186999999999
26 	0.039368167000000003
26 	0.040392677000000002
27 	0.041414693000000002
28 	0.042434192000000003
28 	0.043451153999999999
29 	0.044465558000000002
30 	0.045477381999999997
31 	0.046486608999999998
31 	0.047493217999999997
32 	0.048497191000000002
33 	0.049498510000000003
33 	0.050497159
34 	0.051493118999999997
35 	0.052486376000000001
35 	0.053476912000000001
36 	0.054464712999999998
37 	0.055449763999999999
38 	0.056432049999999997
38 	0.057411558000000001
39 	0.058388273999999997
40 	0.059362184999999998
40 	0.060333278999999997
41 	0.061301543
42 	0.062266965000000001
42 	0.063229535000000003
43 	0.064189240999999994
44 	0.065146072999999999
44 	0.066100020999999995
45 	0.067051074000000002
46 	0.067999223999999997
47 	0.068944460999999999
47 	0.069886775999999998
48 	0.070826160999999999
49 	0.071762608000000006
49 	0.072696108999999995
50 	0.073626656999999998
51 	0.074554245000000005
51 	0.075478865000000006
52 	0.076400512000000004
53 	0.077319179000000002
53 	0.078234860000000003
54 	0.079147549999999997
55 	0.080057243
56 	0.080963934000000001
56 	0.081867619000000003
57 	0.082768293000000007
58 	0.083665951000000002
58 	0.084560590000000005
59 	0.085452207000000002
60 	0.086340795999999997
60 	0.087226356000000005
61 	0.088108883999999998
62 	0.088988374999999995
63 	0.089864828999999993
63 	0.090738241999999997
64 	0.091608613000000005
65 	0.092475940000000006
65 	0.093340221000000001
66 	0.094201454000000004
67 	0.095059639000000001
67 	0.095914773999999994
68 	0.096766857999999997
69 	0.097615891999999996
69 	0.098461874000000005
70 	0.099304803999999997
71 	0.100144683
72 	0.10098151
72 	0.10181528500000001
73 	0.10264601
74 	0.103473685
74 	0.10429831000000001
75 	0.105119887
76 	0.10593841599999999
76 	0.1067539
77 	0.107566339
78 	0.108375736
78 	0.10918209199999999
79 	0.10998540900000001
80 	0.11078568900000001
81 	0.11158293399999999
81 	0.112377147
82 	0.11316833
83 	0.113956487
83 	0.114741619
84 	0.11552373000000001
85 	0.116302822
85 	0.1170789
86 	0.117851966
87 	0.11862202299999999
88 	0.119389076
88 	0.120153128
89 	0.120914182
90 	0.121672243
90 	0.12242731499999999
91 	0.12317940099999999
92 	0.12392850699999999
92 	0.12467463600000001
93 	0.125417792
94 	0.126157981
94 	0.12689520700000001
95 	0.12762947499999999
96 	0.12836079
97 	0.12908915600000001
97 	0.12981457800000001
98 	0.13053706200000001
99 	0.13125661299999999
99 	0.13197323599999999
100 	0.132686937
101 	0.133397721
101 	0.134105593
102 	0.134810559
103 	0.135512625
103 	0.136211797
104 	0.13690807999999999
105 	0.137601481
106 	0.138292005
106 	0.13897965800000001
107 	0.139664447
108 	0.14034637699999999
108 	0.14102545599999999
109 	0.14170168899999999
110 	0.14237508199999999
110 	0.143045643
111 	0.143713377
112 	0.14437829099999999
113 	0.14504039199999999
113 	0.14569968699999999
114 	0.146356182
115 	0.14700988300000001
115 	0.14766079900000001
116 	0.148308935
117 	0.14895429900000001
117 	0.14959689700000001
118 	0.15023673700000001
119 	0.15087382599999999
119 	0.15150817
120 	0.152139777
121 	0.152768655
122 	0.15339480999999999
122 	0.154018249
123 	0.15463898000000001
124 	0.155257011
124 	0.15587234799999999
125 	0.15648499900000001
126 	0.157094972
126 	0.157702274
127 	0.15830691199999999
128 	0.15890889399999999
128 	0.159508228
129 	0.16010492100000001
130 	0.16069898099999999
131 	0.16129041599999999
131 	0.16187923300000001
132 	0.16246543999999999
133 	0.163049044
133 	0.163630054
134 	0.16420847699999999
135 	0.16478432200000001
135 	0.165357595
136 	0.165928304
137 	0.16649645900000001
138 	0.16706206500000001
138 	0.16762513200000001
139 	0.16818566800000001
140 	0.16874367900000001
140 	0.169299175
141 	0.169852162
142 	0.17040264999999999
142 	0.17095064600000001
143 	0.17149615800000001
144 	0.17203919300000001
144 	0.172579761
145 	0.17311786900000001
146 	0.173653526
147 	0.17418673800000001
147 	0.17471751499999999
148 	0.175245864
149 	0.17577179300000001
149 	0.17629531100000001
150 	0.176816426
151 	0.177335145
151 	0.17785147700000001
152 	0.17836542999999999
153 	0.178877012
153 	0.17938623100000001
154 	0.179893095
155 	0.18039761200000001
156 	0.180899791
156 	0.181399639
157 	0.181897165
158 	0.18239237699999999
158 	0.18288528200000001
159 	0.18337589000000001
160 	0.183864208
160 	0.184350244
161 	0.184834006
162 	0.18531550199999999
163 	0.18579474100000001
163 	0.186271731
164 	0.18674647899999999
165 	0.187218994
165 	0.18768928400000001
166 	0.188157357
167 	0.18862322100000001
167 	0.18908688400000001
168 	0.189548354
169 	0.19000763900000001
169 	0.19046474799999999
170 	0.190919687
171 	0.19137246599999999
172 	0.191823092
172 	0.192271574
173 	0.19271791799999999
174 	0.19316213400000001
174 	0.19360422899999999
175 	0.19404421199999999
176 	0.194482089
176 	0.19491786999999999
177 	0.19535156200000001
178 	0.19578317200000001
178 	0.19621271000000001
179 	0.196640182
180 	0.19706559700000001
181 	0.19748896299999999
181 	0.19791028599999999
182 	0.19832957700000001
183 	0.19874684100000001
183 	0.19916208699999999
184 	0.199575323
185 	0.19998655600000001
185 	0.20039579399999999
186 	0.20080304600000001
187 	0.201208318
188 	0.20161161899999999
188 	0.20201295599999999
189 	0.202412337
190 	0.20280977
190 	0.203205262
191 	0.20359882100000001
192 	0.20399045399999999
192 	0.20438017
193 	0.20476797499999999
194 	0.20515387800000001
194 	0.205537886
195 	0.20592000599999999
196 	0.20630024699999999
197 	0.20667861500000001
197 	0.20705511800000001
198 	0.20742976399999999
199 	0.207802559
199 	0.208173512
200 	0.20854263000000001
201 	0.208909921
201 	0.20927539100000001
202 	0.20963904799999999
203 	0.21000089899999999
203 	0.21036095199999999
204 	0.21071921499999999
205 	0.21107569300000001
206 	0.21143039599999999
206 	0.21178332899999999
207 	0.2121345
208 	0.21248391699999999
208 	0.21283158599999999
209 	0.21317751500000001
210 	0.213521711
210 	0.21386418099999999
211 	0.21420493199999999
212 	0.214543971
213 	0.21488130499999999
213 	0.21521694199999999
214 	0.215550889
215 	0.215883151
215 	0.21621373699999999
216 	0.216542654
217 	0.216869908
217 	0.21719550600000001
218 	0.217519455
219 	0.21784176199999999
219 	0.21816243399999999
220 	0.21848147800000001
221 	0.21879890099999999
222 	0.21911470899999999
222 	0.21942890900000001
223 	0.219741508
224 	0.22005251300000001
224 	0.22036193000000001
225 	0.22066976699999999
226 	0.22097602899999999
226 	0.22128072300000001
227 	0.221583857
228 	0.22188543599999999
228 	0.222185468
229 	0.22248395800000001
230 	0.222780914
231 	0.22307634100000001
231 	0.22337024699999999
232 	0.223662638
233 	0.22395351999999999
233 	0.2242429
234 	0.22453078400000001
235 	0.22481717900000001
235 	0.225102091
236 	0.225385525
237 	0.22566749
238 	0.22594798999999999
238 	0.22622703299999999
239 	0.22650462399999999
240 	0.22678076999999999
240 	0.22705547700000001
241 	0.22732875
242 	0.22760059799999999
242 	0.22787102400000001
243 	0.22814003599999999
244 	0.22840764
244 	0.22867384099999999
245 	0.228938647
246 	0.22920206200000001
247 	0.22946409300000001
247 	0.22972474500000001
248 	0.22998402600000001
249 	0.23024194100000001
249 	0.230498495
250 	0.23075369500000001
251 	0.23100754600000001
251 	0.23126005399999999
252 	0.23151122599999999
253 	0.23176106699999999
253 	0.23200958299999999
254 	0.232256779
255 	0.232502662
256 	0.232747237
256 	0.23299050900000001
257 	0.23323248599999999
258 	0.23347317100000001
258 	0.23371257100000001
259 	0.23395069099999999
260 	0.234187538
260 	0.23442311599999999
261 	0.234657432
262 	0.23489049000000001
263 	0.23512229600000001
263 	0.235352856
264 	0.235582176
265 	0.23581025999999999
265 	0.23603711399999999
266 	0.236262743
267 	0.236487154
267 	0.23671035100000001
268 	0.23693233899999999
269 	0.23715312499999999
269 	0.23737271200000001
270 	0.237591107
271 	0.23780831499999999
272 	0.238024341
272 	0.23823919099999999
273 	0.23845286800000001
274 	0.23866538000000001
274 	0.23887673000000001
275 	0.23908692400000001
276 	0.239295967
276 	0.23950386400000001
277 	0.23971062100000001
278 	0.239916242
278 	0.240120732
279 	0.24032409599999999
280 	0.24052634000000001
281 	0.240727468
281 	0.240927486
282 	0.24112639699999999
283 	0.24132420800000001
283 	0.241520923
284 	0.241716546
285 	0.241911084
285 	0.24210453900000001
286 	0.242296919
287 	0.242488226
288 	0.24267846600000001
288 	0.24286764399999999
289 	0.24305576500000001
290 	0.24324283299999999
290 	0.243428852
291 	0.243613828
292 	0.243797765
292 	0.24398066800000001
293 	0.24416254100000001
294 	0.24434338999999999
294 	0.24452321799999999
295 	0.24470202999999999
296 	0.24487983099999999
297 	0.245056625
297 	0.24523241600000001
298 	0.24540720999999999
299 	0.24558101099999999
299 	0.24575382300000001
300 	0.24592565
301 	0.246096497
301 	0.24626636900000001
302 	0.24643526900000001
303 	0.24660320199999999
303 	0.24677017300000001
304 	0.246936185
305 	0.247101244
306 	0.24726535199999999
306 	0.24742851499999999
307 	0.24759073700000001
308 	0.24775202199999999
308 	0.24791237499999999
309 	0.24807179800000001
310 	0.24823029699999999
310 	0.24838787600000001
311 	0.24854453900000001
312 	0.24870028899999999
313 	0.24885513200000001
313 	0.249009071
314 	0.24916210999999999
315 	0.24931425300000001
315 	0.249465505
316 	0.24961586899999999
317 	0.249765349
317 	0.249913949
318 	0.25006167400000001
319 	0.25020852599999999
319 	0.250354511
320 	0.25049963200000003
321 	0.25064389199999998
322 	0.25078729700000002
322 	0.25092984899999998
323 	0.25107155199999998
324 	0.25121241100000002
324 	0.25135242800000002
325 	0.251491609
326 	0.25162995599999999
326 	0.25176747399999999
327 	0.25190416500000001
328 	0.252040035
328 	0.25217508599999999
329 	0.252309322
330 	0.25244274700000002
331 	0.252575365
331 	0.252707179
332 	0.25283819299999999
333 	0.25296840999999998
333 	0.25309783400000002
334 	0.25322646900000001
335 	0.25335431800000002
335 	0.253481385
336 	0.25360767299999998
337 	0.253733186
338 	0.25385792699999998
338 	0.25398189900000001
339 	0.254105107
340 	0.25422755400000002
340 	0.254349243
341 	0.25447017700000002
342 	0.25459036000000002
342 	0.25470979599999999
343 	0.25482848699999999
344 	0.254946438
344 	0.25506364999999998
345 	0.25518012899999998
346 	0.25529587599999998
347 	0.255410896
347 	0.25552519200000001
348 	0.25563876699999999
349 	0.25575162299999998
349 	0.25586376500000002
350 	0.25597519600000002
351 	0.256085919
351 	0.25619593699999998
352 	0.25630525300000001
353 	0.25641386999999999
353 	0.25652179200000003
354 	0.25662902199999998
355 	0.256735563
356 	0.25684141700000002
356 	0.256946589
357 	0.25705108100000001
358 	0.25715489600000002
358 	0.25725803800000002
359 	0.25736050799999999
360 	0.25746231200000003
360 	0.25756345000000003
361 	0.25766392700000001
362 	0.25776374600000002
363 	0.257862908
363 	0.25796141900000003
364 	0.25805927899999997
365 	0.25815649299999999
365 	0.258253063
366 	0.25834899099999997
367 	0.25844428200000003
367 	0.258538938
368 	0.25863296200000002
369 	0.25872635599999999
369 	0.25881912299999998
370 	0.258911267
371 	0.25900278999999998
372 	0.25909369500000001
372 	0.25918398399999998
373 	0.25927366099999999
374 	0.25936272900000001
374 	0.25945118900000003
375 	0.25953904500000002
376 	0.25962629999999998
376 	0.25971295500000002
377 	0.25979901500000002
378 	0.259884481
378 	0.25996935700000001
379 	0.260053645
380 	0.26013734700000002
381 	0.26022046700000001
381 	0.260303006
382 	0.26038496799999999
383 	0.26046635499999998
383 	0.26054716999999999
384 	0.260627416
385 	0.26070709399999997
385 	0.26078620800000002
386 	0.26086475999999997
387 	0.260942752
388 	0.26102018799999999
388 	0.26109706900000001
389 	0.261173398
390 	0.26124917800000003
390 	0.26132441099999998
391 	0.2613991
392 	0.26147324700000002
392 	0.261546854
393 	0.26161992499999998
394 	0.26169246000000002
394 	0.26176446399999997
395 	0.26183593799999999
396 	0.26190688400000001
397 	0.26197730499999999
397 	0.26204720399999998
398 	0.26211658300000001
399 	0.26218544300000002
399 	0.26225378799999999
400 	0.26232161999999998
401 	0.26238894099999999
401 	0.26245575300000001
402 	0.26252205899999997
403 	0.26258786099999998
403 	0.262653162
404 	0.26271796200000003
405 	0.26278226599999999
406 	0.26284607500000001
406 	0.26290939099999999
407 	0.26297221599999998
408 	0.263034553
408 	0.26309640499999998
409 	0.26315777200000001
410 	0.26321865799999999
410 	0.26327906400000001
411 	0.26333899300000002
412 	0.26339844600000001
413 	0.26345742700000002
413 	0.26351593699999998
414 	0.26357397799999999
415 	0.26363155199999999
415 	0.26368866200000002
416 	0.26374531000000001
417 	0.263801497
417 	0.263857226
418 	0.263912498
419 	0.26396731699999998
419 	0.26402168399999998
420 	0.26407560000000002
421 	0.26412906899999999
422 	0.26418209100000001
422 	0.26423467
423 	0.26428680700000001
424 	0.26433850399999997
424 	0.26438976199999997
425 	0.26444058500000001
426 	0.26449097399999999
426 	0.26454093099999998
427 	0.26459045799999997
428 	0.26463955700000003
428 	0.264688229
429 	0.26473647700000003
430 	0.264784303
431 	0.264831708
431 	0.264878695
432 	0.26492526500000002
433 	0.26497142099999998
433 	0.265017163
434 	0.26506249500000001
435 	0.26510741700000001
435 	0.26515193199999998
436 	0.26519604099999999
437 	0.26523974700000003
438 	0.26528305099999999
438 	0.265325955
439 	0.265368461
440 	0.26541057000000001
440 	0.26545228500000001
441 	0.26549360700000002
442 	0.26553453799999999
442 	0.26557507899999999
443 	0.26561523300000001
444 	0.265655001
444 	0.265694386
445 	0.26573338699999999
446 	0.26577200899999998
447 	0.265810251
447 	0.26584811600000002
448 	0.265885606
449 	0.265922722
449 	0.26595946599999998
450 	0.26599583999999998
451 	0.26603184499999999
451 	0.26606748299999999
452 	0.26610275500000002
453 	0.266137664
453 	0.26617221099999999
454 	0.26620639699999998
455 	0.26624022400000003
456 	0.26627369400000001
456 	0.26630680899999998
457 	0.26633957000000003
458 	0.26637197800000001
458 	0.26640403499999998
459 	0.266435743
460 	0.26646710400000001
460 	0.26649811800000001
461 	0.26652878800000002
462 	0.26655911500000001
463 	0.26658910099999999
463 	0.26661874699999999
464 	0.26664805400000002
465 	0.26667702500000001
465 	0.26670566000000001
466 	0.26673396199999999
467 	0.26676193100000001
467 	0.26678956999999998
468 	0.26681687900000001
469 	0.26684385999999999
469 	0.266870516
470 	0.26689684600000002
471 	0.26692285300000002
472 	0.26694853800000001
472 	0.26697390300000001
473 	0.26699894899999999
474 	0.26702367700000001
474 	0.26704808899999999
475 	0.26707218700000002
476 	0.26709597099999999
476 	0.26711944300000001
477 	0.26714260499999998
478 	0.26716545800000002
478 	0.26718800300000001
479 	0.26721024199999999
480 	0.26723217599999999
481 	0.26725380599999998
481 	0.267275135
482 	0.267296162
483 	0.267316891
483 	0.26733732100000002
484 	0.26735745399999999
485 	0.26737729199999999
485 	0.26739683600000003
486 	0.267416088
487 	0.26743504800000001
488 	0.26745371699999998
488 	0.26747209900000002
489 	0.26749019200000002
490 	0.26750800000000002
490 	0.26752552299999999
491 	0.26754276199999999
492 	0.267559718
492 	0.267576394
493 	0.26759279000000002
494 	0.26760890799999998
494 	0.26762474800000002
495 	0.26764031199999999
496 	0.26765560199999999
497 	0.26767061800000003
497 	0.26768536199999998
498 	0.267699835
499 	0.26771403799999999
499 	0.26772797300000001
500 	0.26774164
501 	0.26775504100000003
501 	0.267768177
502 	0.26778104899999999
503 	0.26779365900000002
503 	0.26780600700000001
504 	0.26781809499999998
505 	0.267829924
506 	0.26784149600000001
506 	0.26785281
507 	0.26786386899999998
508 	0.26787467399999998
508 	0.267885225
509 	0.26789552500000002
510 	0.26790557300000001
510 	0.26791537199999998
511 	0.26792492200000001
512 	0.26793422500000003
513 	0.26794328099999998
513 	0.267952091
514 	0.26796065800000002
515 	0.26796898099999999
515 	0.26797706300000002
516 	0.267984903
517 	0.26799250400000002
517 	0.26799986599999998
518 	0.26800699100000003
519 	0.26801387900000001
519 	0.26802053100000001
520 	0.26802694900000001
521 	0.26803313299999998
522 	0.26803908599999998
522 	0.26804480600000002
523 	0.26805029699999999
524 	0.268055559
524 	0.26806059199999999
525 	0.26806539899999998
526 	0.26806997900000001
526 	0.26807433400000003
527 	0.26807846499999999
528 	0.26808237299999998
528 	0.26808606000000001
529 	0.268089525
530 	0.26809276999999998
531 	0.268095796
531 	0.26809860400000002
532 	0.26810119500000001
533 	0.26810357000000001
533 	0.26810572999999999
534 	0.26810767600000002
535 	0.26810940900000002
535 	0.26811093000000003
536 	0.26811223899999997
537 	0.26811333900000001
538 	0.26811422899999998
538 	0.26811490999999998
539 	0.26811538499999998
540 	0.26811565300000001
540 	0.26811571499999998
541 	0.268115573
542 	0.26811522700000001
542 	0.268114678
543 	0.268113928
544 	0.26811297699999997
544 	0.268111826
545 	0.26811047500000001
546 	0.268108927
547 	0.26810718100000003
547 	0.268105239
548 	0.26810310199999998
549 	0.26810076999999999
549 	0.26809824399999999
550 	0.268095525
551 	0.26809261499999998
551 	0.268089513
552 	0.26808622199999999
553 	0.26808273999999999
553 	0.268079071
554 	0.26807521400000001
555 	0.26807117000000003
556 	0.26806693999999998
