1051
10 236   0.0192594 0.00922646 103.833
10 237   0.0120659 0.01762 103.832
10 238   0.00922646 -0.0192594 103.833
10 239   -0.015602 0.020645 108.272
10 240   0.00318923 0.0256801 108.272
10 241   -0.0239797 -0.00972706 108.275
10 242   -0.00356595 -0.0256305 108.275
10 243   0.020645 -0.015602 108.274
10 244   -0.019817 0.0157722 107.827
10 245   0.0092759 0.0235676 107.827
10 246   0.019817 0.0157722 107.827
10 247   0.0157722 -0.019817 107.827
10 248   -0.023596 0.0102591 108.167
10 249   0.0102591 -0.023596 108.167
10 250   0.023596 0.0102591 108.167
10 251   0.0153052 0.0206826 108.165
10 252   -0.025924 -0.00133723 108.403
10 253   -0.00541795 0.0253867 108.4
10 254   -0.00800128 0.0246945 108.399
10 255   0.0188647 -0.0155627 107.065
10 256   0.0171323 -0.0138303 104.595
10 257   0.0163866 -0.0175947 106.702
10 258   0.0183968 -0.0176988 108.048
10 259   0.00404534 0.0241187 107.065
10 260   0.00341123 0.0217522 104.598
10 261   0.00704413 0.0229885 106.702
10 262   0.00612921 0.0247814 108.048
10 263   -0.0155627 0.0188647 107.065
10 264   -0.0138303 0.0171323 104.598
10 265   -0.0176988 0.0183968 108.048
10 266   -0.0175947 0.0163866 106.702
10 267   0.0155627 0.0188647 107.066
10 268   0.0138303 0.0171323 104.598
10 269   0.0176988 0.0183968 108.048
10 270   0.0175947 0.0163866 106.702
10 271   0.0218327 -0.00218716 104.516
10 272   -0.0138915 -0.0169846 104.516
10 273   -0.00218716 -0.0218327 104.51
10 274   -0.00218716 -0.0242827 107
10 275   -0.000362618 -0.0254435 107.975
10 276   -0.0200012 -0.00902221 104.514
10 277   -0.0222161 -0.0124077 107.975
10 278   -0.022123 -0.0102472 106.999
10 279   -0.0237751 -0.0137986 109.693
10 280   -0.0194819 -0.0193937 109.697
10 281   6.23441e-005 -0.0274892 109.691
10 282   0.0274892 6.23441e-005 109.697
10 283   0.0070545 -0.0265686 109.696
10 284   0.0265686 0.0070545 109.693
10 285   0.0205227 0.00776335 104.514
10 286   0.0228892 0.00839746 107
10 287   0.0244827 0.00693554 107.974
10 288   0.00776335 -0.0205227 104.514
10 289   0.00839746 -0.0228892 107
10 290   0.00693554 -0.0244827 107.974
10 291   -0.0234948 0.0140812 109.602
10 292   0.0140812 -0.0234948 109.603
10 293   0.0133065 0.023942 109.603
10 294   0.0234948 0.0140812 109.603
10 295   -0.0237641 -0.0183765 110.51
10 296   -0.0215601 -0.0166853 109.298
10 297   -0.0210847 -0.0184457 109.921
10 298   -0.0223236 -0.0191129 110.616
10 299   0.0297979 0.0038096 110.51
10 300   0.0270436 0.00344699 109.298
10 301   0.0279522 0.0018661 109.921
10 302   0.0293001 0.00227028 110.616
10 303   0.00403248 -0.0297686 110.51
10 304   0.00366986 -0.0270142 109.298
10 305   0.00543205 -0.0274828 109.923
10 306   0.00539049 -0.0288893 110.617
10 307   -0.0238704 0.018272 110.512
10 308   -0.0216302 0.0167299 109.336
10 309   -0.0231519 0.0158876 109.917
10 310   -0.0241783 0.0167639 110.585
10 311   0.018272 -0.0238704 110.513
10 312   0.0167299 -0.0216302 109.336
10 313   0.0167639 -0.0241783 110.585
10 314   0.0158876 -0.0231519 109.917
10 315   0.0115363 0.0277592 110.513
10 316   0.0103674 0.0253036 109.336
10 317   0.0121063 0.0253351 109.917
10 318   0.0125571 0.0266071 110.585
10 319   0.0238704 0.018272 110.513
10 320   0.0216302 0.0167299 109.336
10 321   0.0241783 0.0167639 110.585
10 322   0.0231519 0.0158876 109.917
10 323   -0.0100508 -0.0227412 107.433
10 324   -0.0132179 -0.0214294 107.748
10 325   -0.0111738 -0.02369 108.565
10 326   -0.0127573 -0.0230341 108.741
10 327   -0.0116351 -0.0277407 110.528
10 328   -0.0110896 -0.0251388 109.433
10 329   0.0231875 -0.00897346 107.433
10 330   0.0244994 -0.00580639 107.748
10 331   0.0246524 -0.00885031 108.565
10 332   0.0253084 -0.00726677 108.741
10 333   0.0278429 -0.0113884 110.528
10 334   0.0256174 -0.00993429 109.433
10 335   -0.0298887 0.00378882 110.535
10 336   -0.0281686 0.00289734 109.966
10 337   -0.0294522 0.00245159 110.617
10 338   -0.0279632 0.00445744 109.953
10 339   -0.0291295 0.00490318 110.535
10 340   -0.0195195 0.0193957 109.715
10 341   0.00720652 0.0265569 109.715
10 342   0.0193957 -0.0195195 109.715
10 343   0.0195195 0.0193957 109.715
10 344   -0.0272572 0.00781377 110.4
10 345   -0.0277028 -0.00178298 109.769
10 346   -0.0298887 -0.00378882 110.531
10 347   -0.0294522 -0.00245159 110.615
10 348   -0.0281686 -0.00289734 109.961
10 349   -0.00544778 0.0272203 109.771
10 350   -0.00407604 0.0298509 110.531
10 351   -0.00525475 0.0290832 110.616
10 352   -0.00449195 0.0279586 109.962
10 353   -0.00889223 0.0262973 109.77
10 354   -0.0113955 0.0278896 110.531
10 355   -0.00999086 0.0278142 110.615
10 356   -0.0100892 0.0264589 109.961
10 357   -0.0183662 -0.023882 110.538
10 358   0.029874 -0.00390026 110.538
10 359   0.0114993 -0.0278466 110.53
10 360   0.0106308 -0.0254139 109.463
10 361   0.0278466 0.0114993 110.53
10 362   0.0254139 0.0106308 109.463
10 363   0.0183662 0.023882 110.523
10 364   0.0166937 0.0219135 109.459
10 365   -0.0278466 0.0114993 110.527
10 366   -0.0254139 0.0106308 109.463
10 367   -0.0267169 0.00946612 110.076
10 368   -0.0278142 0.00999086 110.637
10 369   -0.00846731 -0.0233972 107.456
10 370   -0.00519193 -0.0246279 107.721
10 371   -0.00795257 -0.0249613 108.605
10 372   -0.00626072 -0.0255362 108.706
10 373   0.0225316 -0.010557 107.456
10 374   0.0210858 -0.0137433 107.721
10 375   0.0232736 -0.012027 108.605
10 376   0.0224838 -0.0136298 108.706
10 377   -0.0211074 -0.000703125 103.518
10 378   0.012776 -0.0166105 103.367
10 379   0.0166105 0.012776 103.367
10 380   0.00799712 0.0193696 103.367
10 381   -0.0166105 0.012776 103.367
10 382   -0.0221981 -0.0017233 104.864
10 383   -0.0245646 -0.00235741 107.28
10 384   -0.0203222 -0.00710103 104.041
10 385   -0.0212693 -0.00342265 104.049
10 386   -0.00863488 0.0231175 107.28
10 387   -0.00740988 0.0209957 104.868
10 388   -0.0121188 0.0177919 104.041
10 389   -0.00881093 0.0196588 104.049
10 390   -0.00408071 0.0243378 107.285
10 391   0.00159929 0.0214676 104.041
10 392   -0.00219888 0.0214304 104.053
10 393   0.0114642 -0.0155726 101.236
10 394   0.00909516 -0.0175072 101.723
10 395   0.0102779 -0.0160974 100.781
10 396   0.00803302 -0.0169592 100.35
10 397   0.0155726 0.0114642 101.236
10 398   0.0175072 0.00909516 101.723
10 399   0.0160974 0.0102779 100.781
10 400   0.0169592 0.00803302 100.35
10 401   -0.0190803 -0.00595826 102.092
10 402   -0.0196217 -0.00395527 102.117
10 403   -0.017762 -0.0063151 100.476
10 404   0.00775423 0.0177146 101.236
10 405   0.0106141 0.0166302 101.722
10 406   0.00880179 0.0169496 100.781
10 407   0.0106706 0.0154364 100.35
10 408   0.000816898 0.0199722 102.092
10 409   -0.00125797 0.0199768 102.116
10 410   -0.00160953 0.0187981 100.515
10 411   -0.00889896 0.0179294 102.117
10 412   -0.0106936 0.016888 102.092
10 413   -0.00800514 0.0170844 100.517
10 414   -0.0155726 0.0114642 101.235
10 415   -0.0175072 0.00909516 101.725
10 416   -0.0160974 0.0102779 100.778
10 417   -0.0169592 0.00803302 100.357
10 418   0.00150277 0.0187913 100.476
10 419   -0.0106971 0.0155223 100.476
10 420   0.017651 -0.0123389 104.047
10 421   0.0190667 -0.009401 103.706
10 422   0.0204802 -0.0106291 105.748
10 423   0.0198242 -0.0122127 105.957
10 424   0.0175138 -0.00997615 102.286
10 425   0.0167541 -0.0113306 102.423
10 426   0.0155293 -0.0111139 100.865
10 427   -0.0122244 -0.0175992 103.916
10 428   -0.0103458 -0.0204982 105.622
10 429   -0.0119294 -0.0198422 105.822
10 430   -0.0108519 -0.0165989 101.874
10 431   -0.0107498 -0.015426 100.416
10 432   -0.00375622 -0.0212061 104.048
10 433   -0.00683465 -0.0201297 103.707
10 434   -0.00538219 -0.0226535 105.956
10 435   -0.00696573 -0.0219976 105.748
10 436   -0.00532994 -0.0194384 102.283
10 437   -0.00383505 -0.0198589 102.426
10 438   -0.00312211 -0.0188396 100.866
10 439   0.0210884 -0.00380054 103.916
10 440   0.0224659 -0.00559523 105.822
10 441   0.02181 -0.00717877 105.622
10 442   0.0194107 -0.00406378 101.874
10 443   0.0185091 -0.00330652 100.416
10 444   -0.0185741 -0.00331061 100.513
10 445   -0.0247449 0.0132414 110.119
10 446   -0.0254993 0.0118144 109.863
10 447   -0.0268348 0.0121582 110.473
10 448   0.014809 0.0238398 110.12
10 449   0.0171605 0.0239467 110.474
10 450   0.0161759 0.0229812 109.863
10 451   0.0247449 0.0132414 110.12
10 452   0.0268348 0.0121582 110.473
10 453   0.0254993 0.0118144 109.863
10 454   0.0132414 -0.0247449 110.12
10 455   0.0121582 -0.0268348 110.473
10 456   0.0118144 -0.0254993 109.863
10 457   -0.00594914 0.0208441 104.205
10 458   -0.0045908 0.0224331 105.565
10 459   -0.00357062 0.0213424 104.149
10 460   -0.00560812 0.0195715 102.572
10 461   -0.00424979 0.0199354 102.603
10 462   0.0196626 0.0207039 110.565
10 463   -0.0196626 0.0207039 110.565
10 464   0.00667637 0.0277614 110.565
10 465   0.0207039 -0.0196626 110.565
10 466   0.0273634 0.00810731 110.552
10 467   0.0269433 0.00951601 110.227
10 468   0.0280405 0.0100407 110.74
10 469   -0.00074888 -0.0285294 110.55
10 470   -0.0250816 -0.0136161 110.553
10 471   0.0285294 -0.00074888 110.553
10 472   0.0296838 -0.0024412 110.739
10 473   0.0284881 -0.00221833 110.222
10 474   -0.0196438 -0.0207029 110.553
10 475   -0.0185755 -0.0217127 110.222
10 476   -0.0192634 -0.0227158 110.739
10 477   0.00810731 -0.0273634 110.552
10 478   0.00951601 -0.0269433 110.227
10 479   0.0100407 -0.0280405 110.739
10 480   0.0013419 0.0251765 107.758
10 481   -0.00219888 0.0251054 107.731
10 482   0.000386072 0.0233306 106.012
10 483   -0.00133723 0.0232888 106.003
10 484   -0.0137504 0.0211326 107.759
10 485   -0.0106484 0.0228414 107.733
10 486   -0.0104863 0.0208373 106.002
10 487   -0.0119996 0.0200118 106.012
10 488   -0.0239713 -0.00781234 107.758
10 489   -0.0248191 -0.00437381 107.733
10 490   -0.0224357 -0.00641131 106.011
10 491   -0.0228414 -0.00473592 106.002
10 492   0.0173236 0.00675417 100.186
10 493   0.00675417 -0.0173236 100.186
10 494   -0.0170255 -0.00747369 100.187
10 495   0.024525 -0.0123435 109.562
10 496   0.026749 -0.0122466 110.496
10 497   0.0256443 -0.0115 109.834
10 498   -0.00861359 -0.02607 109.562
10 499   -0.0100015 -0.026265 109.834
10 500   -0.0102548 -0.027574 110.496
10 501   -0.00778946 0.0273484 110.495
10 502   -0.00692835 0.0275792 110.495
10 508   -0.0295953 0.00601754 111.153
10 510   -0.0284363 0.00717347 111.323
10 511   -0.0292157 0.00657472 111.487
10 512   0.0266093 -0.0075395 109.835
10 513   0.0277986 -0.00978853 110.661
10 514   0.0266778 -0.00908095 110.029
10 515   -0.0134844 -0.0241469 109.835
10 516   -0.0124429 -0.0252853 110.029
10 517   -0.0127351 -0.0265781 110.661
10 518   0.0233656 -0.0147624 109.752
10 519   0.0245103 -0.0139336 110.292
10 520   -0.00608341 -0.0269606 109.752
10 521   -0.00747892 -0.0271839 110.292
10 522   0.023882 -0.0183662 110.53
10 523   0.0218759 -0.0169905 109.548
10 524   0.0231985 -0.0162644 110.021
10 525   0.0242016 -0.0169522 110.598
10 526   -0.00345452 -0.0274827 109.548
10 527   -0.00390026 -0.029874 110.529
10 528   -0.00512605 -0.0291001 110.598
10 529   -0.00490318 -0.0279045 110.021
10 565   -0.024831 0.00364908 107.632
10 566   -0.0253995 0.000668616 107.947
10 567   -0.0271783 0.00111436 109.414
10 568   -0.0270022 0.00245159 109.23
10 577   -0.0223957 -0.0201599 111.295
10 587   0.0300913 0.00158089 111.295
10 597   0.0062612 -0.0294752 111.295
10 644   -0.00932295 -0.0192538 103.877
10 645   -0.00793951 -0.0193185 103.26
10 646   -0.00953398 -0.0175976 102.067
10 647   -0.00863469 -0.0172851 101.127
10 648   -0.0076664 -0.0180397 101.598
10 649   0.0192744 -0.00804619 103.259
10 650   0.0202068 -0.00702217 103.877
10 651   0.019185 -0.00570187 102.067
10 652   0.0181769 -0.00733502 101.599
10 653   0.0183281 -0.00611677 101.127
10 690   -0.0146833 -0.0245848 110.684
10 691   0.0277667 -0.0070014 110.684
10 698   -0.00536445 -0.0182088 100.546
10 699   0.0172599 -0.0074684 100.492
10 704   -0.0130024 0.0139405 100.711
10 705   -0.0116256 0.0145111 100.191
10 706   0.00429014 0.018574 100.711
10 707   0.0028125 0.0183797 100.191
10 708   0.0130024 0.0139405 100.71
10 709   0.0116256 0.0145111 100.19
10 710   0.0139405 -0.0130024 100.712
10 711   0.0145111 -0.0116256 100.187
10 712   0.00436507 -0.0178232 99.4585
10 713   -0.0156895 -0.00951635 99.4585
10 714   0.0178232 0.00436507 99.4583
10 715   -0.000742016 -0.0190201 100.662
10 716   -0.00204036 -0.0184814 100.187
10 717   0.0190201 -0.000742016 100.661
10 718   0.0184814 -0.00204036 100.189
10 719   -0.0129245 -0.0139739 100.661
10 720   -0.0116256 -0.0145111 100.189
10 721   -0.0173236 0.00675417 100.196
10 722   -0.0182537 0.0057474 100.811
10 723   -0.0255744 0.0139146 111
10 724   -0.0267054 0.0131653 110.937
10 725   -0.0270291 0.0141679 111.909
10 726   0.0131653 -0.0267054 110.938
10 727   0.0141679 -0.0270291 111.909
10 728   0.0139146 -0.0255744 111
10 729   0.0165449 0.0247542 110.938
10 730   0.0163239 0.0257843 111.909
10 731   0.0151908 0.0248376 111
10 732   0.0255744 0.0139146 111
10 733   0.0270291 0.0141679 111.909
10 734   0.0267054 0.0131653 110.938
10 735   0.00795211 0.0159154 98.7229
10 736   0.00696103 0.0154865 98.2134
10 737   -0.0148444 0.00980708 98.7228
10 738   -0.0137717 0.00993123 98.2134
10 739   0.0148444 0.00980708 98.7229
10 740   0.0137717 0.00993123 98.2134
10 741   0.00980708 -0.0148444 98.723
10 742   0.00993123 -0.0137717 98.2135
10 743   -0.00681848 0.0172969 100.198
10 744   -0.00597024 0.0182062 100.854
10 745   -0.0174124 -0.0050885 99.0488
10 746   -0.0176831 -0.00408701 99.1259
10 747   -0.00852448 0.0160228 99.1257
10 748   -0.00942179 0.0155021 99.0488
10 749   -0.000628984 0.0181384 99.125
10 750   0.000408449 0.0181361 99.0485
10 754   0.025463 -0.0143078 111.201
10 755   0.026816 -0.014683 112.637
10 756   0.0265823 -0.0134643 111.095
10 757   0.0271601 -0.0138522 111.508
10 761   -0.00788793 -0.0281222 111.201
10 762   -0.00857933 -0.0293442 112.637
10 763   -0.00927585 -0.0283172 111.095
10 764   -0.00941007 -0.0290001 111.508
10 765   0.0119622 -0.0139171 99.7373
10 766   0.0129135 -0.013161 99.5788
10 767   0.0139171 0.0119622 99.7371
10 768   0.013161 0.0129135 99.5784
10 769   -0.0139171 0.0119622 99.737
10 770   -0.013161 0.0129135 99.5785
10 771   0.00607142 0.0173181 99.7371
10 772   0.00494107 0.0177639 99.5785
10 773   -0.00274348 0.0183888 100.194
10 774   -0.00393274 0.0187522 100.872
10 775   0.00862258 -0.0158117 98.7907
10 776   0.00921393 -0.0151068 98.1309
10 777   0.0158117 0.00862258 98.7906
10 778   0.0151068 0.00921393 98.1308
10 779   -0.0158117 0.00862258 98.7926
10 780   -0.0151068 0.00921393 98.1313
10 781   0.00938205 0.0153732 98.7906
10 782   0.0084759 0.0155329 98.1308
10 783   -0.0186056 0.00076237 100.037
10 784   -0.0138564 0.0228809 109.081
10 785   -0.0122677 0.0237642 109.04
10 786   -0.00125797 0.0267143 109.04
10 787   0.000559516 0.0267436 109.081
10 788   -0.0256875 -0.00746221 109.081
10 789   -0.0261296 -0.00569906 109.04
10 790   -0.00846163 -0.0164067 99.732
10 791   -0.00950094 -0.0153576 98.917
10 792   -0.00873821 -0.0156845 98.5981
10 793   0.0175845 -0.00561799 99.7308
10 794   0.0169826 -0.00645761 99.5734
10 795   0.0175776 -0.00414127 98.9179
10 796   0.0172694 -0.00491175 98.6012
10 797   -0.0169905 0.0218759 109.547
10 798   -0.0183662 0.023882 110.531
10 799   0.0039646 0.0298655 110.531
10 800   0.00377624 0.0274403 109.547
10 801   -0.025528 -0.0107497 109.551
10 802   -0.0278218 -0.0115593 110.538
10 803   -0.0257806 -0.0123229 110.223
10 804   -0.0269275 -0.0127277 110.739
10 814   -0.0287069 0.00942249 111.281
10 818   -0.0286005 0.00791858 111.786
10 819   -0.0286906 0.00866826 111.702
10 820   -0.0294113 0.00851526 112.838
10 830   0.0286951 -0.00933107 111.318
10 844   -0.0136924 -0.0268885 111.318
10 848   -0.0244387 0.00529231 107.578
10 849   -0.0236539 0.00857876 107.71
10 850   -0.0264045 0.00565492 109.215
10 851   -0.0260121 0.00729815 109.306
10 860   0.0252388 0.0164886 111.252
10 875   0.0164886 -0.0252388 111.252
10 889   0.0136132 0.026899 111.252
10 904   -0.0252388 0.0164886 111.252
10 908   -0.0224087 0.00806315 106.504
10 909   -0.0228011 0.00641992 106.373
10 910   -0.0198377 0.00633594 103.152
10 911   -0.0211553 0.00563281 104.447
10 912   0.0208147 -0.0208972 111.593
10 913   0.0212188 -0.0220274 112.861
10 914   0.0205291 -0.0216942 111.691
10 915   0.0208972 0.0208147 111.593
10 916   0.0220274 0.0212188 112.861
10 917   0.0216942 0.0205291 111.691
10 918   -0.0208972 0.0208147 111.593
10 919   -0.0216942 0.0205291 111.691
10 920   -0.0220274 0.0212188 112.861
10 921   0.00769018 0.0284747 111.593
10 922   0.00846689 0.0293897 112.861
10 923   0.00852315 0.0286259 111.691
10 924   4.15628e-005 -0.0294761 111.571
10 925   0.000811224 -0.0298424 111.684
10 926   0.000567571 -0.030575 112.861
10 927   0.0284825 0.00758883 111.57
10 928   0.0296801 0.00736517 112.861
10 929   0.0290355 0.0069402 111.683
10 930   -0.0255063 -0.0147741 111.57
10 931   -0.0254387 -0.0156237 111.683
10 932   -0.026195 -0.015779 112.861
10 933   0.00758883 -0.0284825 111.567
10 934   0.00736517 -0.0296801 112.861
10 935   0.0069402 -0.0290355 111.681
10 936   -0.0208721 -0.0208134 111.567
10 937   -0.0220211 -0.0212185 112.861
10 938   -0.0216754 -0.0205282 111.68
10 939   0.0294761 4.15628e-005 111.567
10 940   0.0298424 0.000811224 111.68
10 941   0.030575 0.000567571 112.861
10 942   -0.0216163 0.000821615 104.148
10 943   -0.0209352 0.00398958 103.771
10 944   -0.0233658 0.00149023 106.077
10 945   -0.0229734 0.00313346 105.85
10 946   -0.0193457 0.00310872 101.571
10 947   -0.0196344 0.00158398 101.688
10 955   -0.00952633 0.0286639 111.199
10 973   -0.00608189 0.0295868 111.199
10 994   0.0252505 -0.0165828 111.237
10 1009   -0.00612898 -0.0295806 111.237
10 1013   -0.0284913 0.000445744 110.542
10 1014   -0.0284913 -0.000445744 110.541
10 1015   0.0157167 -0.0143133 103.704
10 1016   0.01444 -0.0139821 102.213
10 1017   0.015439 -0.0159416 104.801
10 1018   0.0141622 -0.0156104 103.471
10 1019   -0.0203212 -0.016018 108.303
10 1020   -0.0174074 -0.0152518 105.831
10 1021   0.00371142 -0.0256077 108.3
10 1022   0.00450473 -0.0227012 105.833
10 1023   0.00535465 -0.0239903 107.2
10 1024   0.0256077 0.00371142 108.302
10 1025   0.0227012 0.00450473 105.834
10 1026   0.0239903 0.00535465 107.202
10 1027   0.0143133 0.0157167 103.704
10 1028   0.0139821 0.01444 102.212
10 1029   0.0159416 0.015439 104.801
10 1030   0.0156104 0.0141622 103.471
10 1031   0.00453731 0.0207677 103.703
10 1032   0.00488887 0.0194964 102.212
10 1033   0.00608634 0.0213413 104.8
10 1034   0.0064379 0.02007 103.471
10 1035   -0.0159416 0.015439 104.801
10 1036   -0.0156104 0.0141622 103.471
10 1037   -0.0143133 0.0157167 103.703
10 1038   -0.0139821 0.01444 102.212
10 1039   0.00613737 -0.0202123 103.543
10 1040   0.00476563 -0.0214418 104.557
10 1041   0.00472722 -0.0188245 101.181
10 1042   0.00588314 -0.0186723 101.475
10 1043   0.0202123 0.00613737 103.543
10 1044   0.0214418 0.00476563 104.557
10 1045   0.0188245 0.00472722 101.181
10 1046   0.0186723 0.00588314 101.475
10 1047   -0.02075 -0.0131774 107.202
10 1048   -0.0192375 -0.0128668 105.833
10 1049   -0.020386 -0.0147927 107.734
10 1050   -0.0188735 -0.0144821 106.452
10 1051   -0.018632 -0.00995246 103.542
10 1052   -0.0185315 -0.0117918 104.556
10 1053   -0.0173633 -0.00904332 101.476
10 1054   -0.0166536 -0.00996828 101.181
10 1055   0.00103696 -0.0245588 107.202
10 1056   0.00152426 -0.0230936 105.833
10 1057   0.00261784 -0.0250512 107.733
10 1058   0.00310515 -0.0235859 106.453
10 1059   0.0230936 0.00152426 105.831
10 1060   0.0250512 0.00261784 107.736
10 1061   0.0235859 0.00310515 106.452
10 1062   0.0115295 0.0195648 105.377
10 1063   0.00962894 0.0202625 105.079
10 1064   0.0101257 0.0221776 107.003
10 1065   0.0124174 0.0225205 108.219
10 1066   0.0130365 0.020895 107.255
10 1067   0.0141435 -0.0198579 107.003
10 1068   0.0127333 -0.0184701 105.078
10 1069   0.0111788 -0.0197673 105.376
10 1070   0.0132947 -0.022014 108.219
10 1071   0.0115773 -0.0217374 107.254
10 1072   0.0197673 0.0111788 105.376
10 1073   0.0184701 0.0127333 105.078
10 1074   0.0198579 0.0141435 107.003
10 1075   0.022014 0.0132947 108.219
10 1076   0.0217374 0.0115773 107.254
10 1077   -0.0184701 0.0127333 105.081
10 1078   -0.0198579 0.0141435 107.003
10 1079   -0.0197673 0.0111788 105.374
10 1080   -0.0217374 0.0115773 107.254
10 1081   -0.022014 0.0132947 108.218
10 1082   0.000833104 -0.0219595 104.572
10 1083   -0.000810126 -0.0211269 103.565
10 1084   -0.000367909 -0.0200198 102.116
10 1085   -0.0197219 0.00969652 104.563
10 1086   -0.0187968 0.00875641 103.092
10 1087   -0.0210293 0.00856771 105.362
10 1088   -0.0201041 0.0076276 103.998
10 1089   0.0219595 0.000833104 104.571
10 1090   0.0211269 -0.000810126 103.566
10 1091   0.0200198 -0.000367909 102.116
10 1092   -0.0143662 -0.0155118 103.566
10 1093   -0.013896 -0.0144163 102.116
10 1094   -0.0161168 -0.0149387 104.571
10 1101   -0.0271569 -0.0137609 111.421
10 1113   -0.0301528 -0.00178298 111.198
10 1117   0.0155804 -0.00988331 99.6892
10 1118   0.0165467 -0.00925713 100.482
10 1119   0.0164758 -0.0082013 99.7074
10 1120   -0.0167651 0.00460189 96.6509
10 1121   -0.0180771 0.00360645 99.8392
10 1122   -0.0178865 0.00472038 99.6576
10 1123   -0.0184492 -0.00228516 100.214
10 1124   -0.0172242 -0.00228516 98.7099
10 1125   -0.0186806 -0.000527344 100.05
10 1126   -0.0192005 -0.00123047 101.015
10 1127   -0.0174556 -0.000527344 97.2269
10 1128   -0.0167505 -0.00123047 97.4569
10 1129   -0.0135108 -0.0123557 99.4644
10 1130   -0.0130096 -0.0130089 99.5009
10 1131   -0.0121076 -0.012476 96.685
10 1132   0.0173832 -0.000260454 96.685
10 1133   0.0182904 0.000816779 99.4644
10 1134   0.0183978 4.5429e-007 99.5009
10 1135   -0.000260454 -0.0173832 96.6848
10 1136   0.000816779 -0.0182904 99.4647
10 1137   4.5429e-007 -0.0183978 99.5013
10 1138   -0.00460229 -0.0167513 96.6053
10 1139   -0.00386465 -0.0180734 99.8016
10 1140   -0.0046121 -0.0178632 99.5614
10 1141   0.00112416 0.0281481 110.161
10 1142   0.0012976 0.0303362 111.74
10 1143   0.00258774 0.0295539 110.658
10 1144   0.00249356 0.0283413 110.091
10 1145   -0.0162919 0.0256231 111.741
10 1146   -0.0150476 0.0238149 110.161
10 1147   -0.0163301 0.0232975 110.091
10 1148   -0.017018 0.0243005 110.658
10 1149   -0.0289667 -0.00910498 111.741
10 1150   -0.0268981 -0.00837113 110.161
10 1151   -0.0267302 -0.00974385 110.09
10 1152   -0.0278771 -0.0101487 110.658
10 1156   -0.0170483 0.00278483 98.4378
10 1157   -0.0163951 0.00342871 96.9318
10 1158   -0.00446536 0.0180233 99.8147
10 1159   -0.00514452 0.0178413 99.8108
10 1160   -0.00417226 0.0169294 96.9211
10 1161   -0.00485143 0.0167474 96.9191
10 1162   0.0104939 -0.01334 98.2972
10 1163   0.0113063 -0.0133981 98.5933
10 1164   0.0108068 -0.0124184 97.0265
10 1165   0.0116191 -0.0124765 96.4703
10 1166   0.01334 0.0104939 98.2971
10 1167   0.0133981 0.0113063 98.5932
10 1168   0.0124184 0.0108068 97.0265
10 1169   0.0124765 0.0116191 96.4704
10 1170   0.0049954 0.0163007 96.4704
10 1171   0.00535125 0.0155681 97.0265
10 1172   0.00594998 0.0164906 98.5932
10 1173   0.00630582 0.0157579 98.2971
10 1174   -0.0133981 0.0113063 98.5931
10 1175   -0.01334 0.0104939 98.2971
10 1176   -0.0124765 0.0116191 96.4704
10 1177   -0.0124184 0.0108068 97.0265
10 1178   -0.0032489 0.0293473 110.44
10 1179   -0.00337759 0.0281053 109.903
10 1180   -0.00205527 0.0279269 109.882
10 1181   -0.00137686 0.0303362 111.667
10 1182   -0.00152047 0.0287398 110.495
10 1183   -0.0023327 0.0295979 110.737
10 1184   -7.92633e-005 0.0299072 112.272
10 1185   -0.000158527 0.0289317 110.972
10 1186   -0.0111276 0.0260287 109.902
10 1187   -0.01186 0.0270399 110.44
10 1188   -0.0121835 0.025213 109.882
10 1189   -0.0139757 0.0269604 111.667
10 1190   -0.0130531 0.0256496 110.495
10 1191   -0.0127788 0.0267989 110.737
10 1192   -0.0148849 0.02594 112.272
10 1193   -0.0143286 0.0251348 110.972
10 1194   -0.0280219 -0.0040117 109.902
10 1195   -0.0291882 -0.00445744 110.44
10 1196   -0.0275072 -0.00524277 109.882
10 1197   -0.0296589 -0.00652164 111.667
10 1198   -0.028154 -0.00596974 110.495
10 1199   -0.0291931 -0.00540728 110.737
10 1200   -0.0289086 -0.00766398 112.272
10 1201   -0.0279869 -0.00733495 110.972
10 1202   0.016494 0.00637669 98.9355
10 1203   0.01576 0.00656185 98.4205
10 1204   0.0155688 0.00543659 97.1618
10 1205   0.0169772 0.00481592 97.9214
10 1206   0.0165146 0.00434587 95.4046
10 1207   0.0165341 0.00548646 98.1226
10 1208   0.0160715 0.00501641 96.1545
10 1209   0.00637669 -0.016494 98.9356
10 1210   0.00656185 -0.01576 98.4206
10 1211   0.00543659 -0.0155688 97.1619
10 1212   0.00481592 -0.0169772 97.9216
10 1213   0.00434587 -0.0165146 95.4048
10 1214   0.00548646 -0.0165341 98.1227
10 1215   0.00501641 -0.0160715 96.1546
10 1216   -0.014853 -0.00716455 97.1619
10 1217   -0.016172 -0.007154 98.9354
10 1218   -0.0157839 -0.00650407 98.4201
10 1219   -0.0147506 -0.00860457 95.4048
10 1220   -0.01541 -0.0085993 97.9217
10 1221   -0.0149114 -0.00781712 96.1547
10 1222   -0.0155709 -0.00781185 98.1228
10 1223   -0.0171466 0.000381185 96.274
10 1224   -0.0176147 0.00114355 98.5421
10 1225   -0.0164415 0.00108431 97.0001
10 1226   -0.0169096 0.00184668 98.2988
10 1227   0.0110959 0.0137694 98.9353
10 1228   0.0103676 0.0135627 98.4207
10 1229   0.0107647 0.0124926 97.1585
10 1230   0.00272461 0.0174725 98.9351
10 1231   0.00219727 0.0169295 98.4202
10 1232   0.00307617 0.0162013 97.1585
10 1233   -0.0103676 0.0135627 98.4202
10 1234   -0.0110959 0.0137694 98.9351
10 1235   -0.0107647 0.0124926 97.1585
10 1236   0.0137694 -0.0110959 98.9312
10 1237   0.0135627 -0.0103676 98.4175
10 1238   0.0124926 -0.0107647 97.1568
10 1239   0.00163217 -0.0213299 103.89
10 1240   0.000918468 -0.0203749 102.606
10 1241   0.00346868 -0.0200391 102.577
10 1242   0.00325286 -0.0211165 103.871
10 1243   0.00146859 -0.018729 100.382
10 1244   0.00160434 -0.0197601 101.865
10 1245   0.00253386 -0.0196377 101.871
10 1246   0.003325 -0.0182224 99.987
10 1247   0.00204391 -0.0183911 100.066
10 1248   0.00275233 -0.0188223 100.789
10 1249   0.00208792 -0.0177297 99.2276
10 1250   0.00290424 -0.0176222 99.1349
10 1252   0.00375928 -0.0163296 96.0648
10 1253   0.0031227 -0.0168067 97.9913
10 1254   0.00252749 -0.0163606 97.9737
10 1255   0.0213299 0.00163217 103.89
10 1256   0.0203749 0.000918468 102.605
10 1257   0.0200391 0.00346868 102.577
10 1258   0.0211165 0.00325286 103.87
10 1259   0.018729 0.00146859 100.382
10 1260   0.0197601 0.00160434 101.865
10 1261   0.0196377 0.00253386 101.871
10 1262   0.0182224 0.003325 99.9867
10 1263   0.0183911 0.00204391 100.066
10 1264   0.0188223 0.00275233 100.788
10 1265   0.0177297 0.00208792 99.2273
10 1266   0.0176222 0.00290424 99.1347
10 1268   0.0163296 0.00375928 96.0646
10 1269   0.0168067 0.0031227 97.9911
10 1270   0.0163606 0.00252749 97.9734
10 1271   -0.0150567 -0.0137578 102.605
10 1272   -0.0162366 -0.0139284 103.89
10 1273   -0.0172317 -0.0126315 103.87
10 1274   -0.0166225 -0.0117171 102.577
10 1275   -0.0142819 -0.012205 100.382
10 1276   -0.0156777 -0.0120943 101.871
10 1277   -0.0151069 -0.0128381 101.865
10 1278   -0.0152363 -0.0105341 99.9868
10 1279   -0.0152555 -0.0113632 100.789
10 1280   -0.0144497 -0.0115592 100.066
10 1281   -0.0140131 -0.0110604 99.2274
10 1282   -0.0145144 -0.0104072 99.1348
10 1284   -0.014205 -0.00888853 96.0649
10 1285   -0.0133559 -0.00978149 97.9736
10 1286   -0.0140922 -0.00967606 97.9913
10 1287   -0.00756334 -0.0164804 99.5015
10 1288   -0.00704469 -0.0173912 100.444
10 1289   -0.00618191 -0.0173177 99.8096
10 1291   -0.00492498 -0.0160597 96.1687
10 1292   -0.00575226 -0.0162805 98.1827
10 1293   -0.00602883 -0.0155583 98.0526
10 1315   -0.00668404 -0.0152869 98.0786
10 1316   -0.00730475 -0.015549 98.1412
10 1332   -0.00217138 0.0169329 98.4161
10 1333   -0.00268147 0.0174782 98.963
10 1334   -0.00306754 0.0162024 97.2146
10 1335   -0.00357763 0.0167477 97.1558
10 1336   -0.00641689 0.0164773 98.962
10 1337   -0.00658597 0.01575 98.4157
10 1338   -0.00527555 0.0162928 97.1529
10 1339   -0.00544463 0.0155655 97.2132
10 1340   -0.00225927 -0.0169213 98.4136
10 1341   -0.00189046 -0.0175824 98.9526
10 1342   -0.00122184 -0.0164454 97.1943
10 1343   -0.000853024 -0.0171064 97.1105
10 1344   0.0169213 -0.00225927 98.4141
10 1345   0.0175824 -0.00189046 98.9546
10 1346   0.0164454 -0.00122184 97.1953
10 1347   0.0171064 -0.000853024 97.1113
10 1348   -0.0110959 -0.0137694 98.9547
10 1349   -0.0103676 -0.0135627 98.4142
10 1350   -0.0114929 -0.0126993 97.1113
10 1351   -0.0107647 -0.0124926 97.1953
10 1352   -0.0154886 0.00721706 98.1419
10 1353   -0.0147546 0.00740221 96.636
10 1354   -0.0155377 0.00809151 97.9699
10 1355   -0.0148037 0.00827667 95.161
10 1356   0.00907676 0.0137878 96.6369
10 1357   0.00980499 0.0139945 98.1419
10 1358   0.00868205 0.0145697 95.1602
10 1359   0.00941028 0.0147763 97.9676
10 1360   0.0147546 0.00740221 96.6368
10 1361   0.0154886 0.00721706 98.1416
10 1362   0.0148037 0.00827667 95.1601
10 1363   0.0155377 0.00809151 97.9675
10 1364   0.00740221 -0.0147546 96.6369
10 1365   0.00721706 -0.0154886 98.1417
10 1366   0.00827667 -0.0148037 95.1602
10 1367   0.00809151 -0.0155377 97.9676
10 1368   0.0122641 0.0127332 98.0145
10 1369   0.0120985 0.0120948 95.4944
10 1370   0.0115757 0.0130185 98.1156
10 1371   0.0114101 0.0123801 96.1521
10 1372   0.00425444 0.0171593 98.0146
10 1373   0.00443023 0.0165236 95.4945
10 1374   0.00351563 0.0170622 98.1158
10 1375   0.00369141 0.0164265 96.1522
10 1376   -0.0120985 0.0120948 95.4945
10 1377   -0.0122641 0.0127332 98.0146
10 1378   -0.0114101 0.0123801 96.1522
10 1379   -0.0115757 0.0130185 98.1157
10 1380   0.0127332 -0.0122641 98.0141
10 1381   0.0120948 -0.0120985 95.494
10 1382   0.0130185 -0.0115757 98.1141
10 1383   0.0123801 -0.0114101 96.1509
10 1384   -0.0262915 0.014958 112.911
10 1385   -0.0255047 0.0148765 111.615
10 1386   -0.0261797 0.015816 112.771
10 1387   -0.0253928 0.0157345 111.63
10 1388   0.0148765 -0.0255047 111.616
10 1389   0.014958 -0.0262915 112.911
10 1390   0.0157345 -0.0253928 111.63
10 1391   0.015816 -0.0261797 112.771
10 1392   0.0255047 0.0148765 111.616
10 1393   0.0262915 0.014958 112.911
10 1394   0.0253928 0.0157345 111.63
10 1395   0.0261797 0.015816 112.771
10 1396   0.0146494 0.0256358 111.616
10 1397   0.0152901 0.0260997 112.911
10 1398   0.0141235 0.0263229 111.63
10 1399   0.0147643 0.0267869 112.771
10 1400   -0.0161666 -0.00333984 96.6318
10 1401   -0.0168253 -0.00298828 98.1292
10 1402   -0.0165006 -0.00411624 95.4633
10 1403   -0.0171594 -0.00376468 98.115
10 1404   -0.00741025 0.0147513 96.6303
10 1405   -0.00724118 0.0154786 98.1246
10 1406   -0.00824665 0.014873 95.4616
10 1407   -0.00807757 0.0156003 98.1115
10 1408   -0.00146826 0.0170255 98.1245
10 1409   -0.00095817 0.0164801 96.6302
10 1410   -0.000804765 0.017549 98.1111
10 1411   -0.000294676 0.0170037 95.4613
10 1412   -0.0160553 -0.00584886 98.1423
10 1413   -0.0156672 -0.00519893 96.6553
10 1414   -0.0167533 -0.00526692 98.0434
10 1415   -0.0163652 -0.00461699 95.339
10 1416   0.0262563 -0.0151047 113.026
10 1417   0.0254811 -0.0151175 111.694
10 1418   0.0261855 -0.0158631 112.752
10 1419   0.0254103 -0.0158758 111.63
10 1420   -0.00732819 -0.0287075 111.694
10 1421   -0.00788537 -0.0292467 113.026
10 1422   -0.00674188 -0.0291937 111.63
10 1423   -0.00729906 -0.0297328 112.752
10 1424   -0.00980499 0.0139945 98.1423
10 1425   -0.00907676 0.0137878 96.6549
10 1426   -0.00942353 0.0148193 98.0431
10 1427   -0.0086953 0.0146126 95.3379
10 1428   0.000966797 0.016479 96.6547
10 1429   0.00149414 0.017022 98.1422
10 1430   0.00022404 0.0170026 95.3376
10 1431   0.000751384 0.0175456 98.0428
10 1432   0.0168287 -0.0029624 98.1363
10 1433   0.0161677 -0.00333122 96.6295
10 1434   0.0171268 -0.00376264 98.0398
10 1435   0.0164658 -0.00413145 95.2981
10 1436   -0.00907676 -0.0137878 96.6304
10 1437   -0.00980499 -0.0139945 98.1365
10 1438   -0.00872169 -0.0145644 95.2994
10 1439   -0.00944992 -0.0147711 98.0396
10 1440   -0.01576 0.00656185 98.4204
10 1441   -0.016494 0.00637669 98.9466
10 1442   -0.0155688 0.00543659 97.2297
10 1443   -0.0163028 0.00525143 97.1278
10 1444   -0.0029624 -0.0168287 98.1402
10 1445   -0.00333122 -0.0161677 96.6873
10 1446   -0.00367043 -0.0172921 98.4282
10 1447   -0.00403925 -0.016631 96.0343
10 1448   -0.00693568 0.0284676 111.254
10 1449   -0.00666365 0.0291746 111.567
10 1450   -0.00726792 0.0297076 112.688
10 1451   -0.00855958 0.0293615 112.688
10 1452   -0.00822734 0.0281215 111.254
10 1453   -0.00881642 0.0285978 111.567
10 1454   -0.00783449 0.0292387 112.966
10 1455   -0.00766077 0.0285904 111.752
10 1456   0.0292699 -0.00763922 112.893
10 1457   0.0285374 -0.0077008 111.657
10 1458   0.0294054 -0.00846955 112.866
10 1459   0.0286729 -0.00853112 111.741
10 1460   -0.0147337 -0.0256243 111.657
10 1461   -0.0152952 -0.0260987 112.893
10 1462   -0.0142424 -0.0263073 111.741
10 1463   -0.0148039 -0.0267816 112.866
10 1464   -0.0300519 -0.000222872 112.588
10 1465   -0.0306057 -0.000668616 112.675
10 1466   -0.0293807 -0.000668616 111.351
10 1467   -0.0299345 -0.00111436 111.591
10 1483   0.00182436 -0.0164532 97.9768
10 1484   0.00160325 -0.0170068 98.2127
10 1485   0.000907433 -0.0172295 97.7161
10 1486   0.000425417 -0.0167685 95.6396
10 1506   0.0164532 0.00182436 97.9766
10 1507   0.0170068 0.00160325 98.2125
10 1508   0.0172295 0.000907433 97.716
10 1509   0.0167685 0.000425417 95.6396
10 1527   -0.0121579 -0.0115563 95.6396
10 1528   -0.0128247 -0.0115414 97.716
10 1529   -0.0131593 -0.0108919 98.2125
10 1530   -0.0129242 -0.0103441 97.9767
10 1534   -0.0297695 0.00702047 112.244
10 1537   -0.0294522 0.00793274 113.611
10 1538   -0.02919 0.00759843 112.549
10 1539   -0.0298419 0.00763336 113.642
10 1540   -0.0295797 0.00729906 112.632
10 1547   -0.0301528 0.00178298 111.206
10 1549   -0.0296576 0.000891488 111.468
10 1550   -0.0303288 0.000445744 112.639
10 1553   -0.0263656 -0.0151758 113.375
10 1554   -0.0261595 -0.0146828 112.197
10 1555   -0.0269158 -0.0148381 112.97
10 1556   -0.0267097 -0.0143451 112.039
10 1614   0.0289332 0.00947238 111.422
10 1627   0.00947238 -0.0289332 111.422
10 1639   -0.0203207 -0.0226699 111.421
10 1653   0.030399 -0.00166115 111.421
10 1657   0.0137878 -0.00907676 96.691
10 1658   0.0139945 -0.00980499 98.1445
10 1659   0.014684 -0.00873994 95.674
10 1660   0.0148906 -0.00946817 98.2238
10 1672   0.0134977 0.00940016 97.5663
10 1685   0.00940016 -0.0134977 97.5663
10 1702   0.00698927 0.0148896 97.5663
10 1727   -0.0134977 0.00940016 97.5664
10 1730   0.0144803 0.00897854 96.5902
10 1731   0.0144513 0.00857234 94.4292
10 1732   0.013944 0.00904061 96.6905
10 1733   0.0139149 0.00863442 95.1408
10 1734   0.00897854 -0.0144803 96.5903
10 1735   0.00857234 -0.0144513 94.4293
10 1736   0.00904061 -0.013944 96.6906
10 1737   0.00863442 -0.0139149 95.1409
10 1738   0.00805106 0.0150158 96.5902
10 1739   0.00822898 0.0146495 94.4292
10 1740   0.00755551 0.0148014 96.6905
10 1741   0.00773344 0.0144351 95.1408
10 1742   -0.0144513 0.00857234 94.4299
10 1743   -0.0144803 0.00897854 96.5906
10 1744   -0.0139149 0.00863442 95.1413
10 1745   -0.013944 0.00904061 96.6908
10 1746   0.0215399 -0.0214921 113.396
10 1747   0.0214688 -0.0209688 112.223
10 1748   0.0221584 -0.021302 112.978
10 1749   0.0220873 -0.0207787 112.054
10 1750   -0.0209688 0.0214688 112.223
10 1751   -0.0214921 0.0215399 113.397
10 1752   -0.0207787 0.0220873 112.054
10 1753   -0.021302 0.0221584 112.978
10 1754   0.00784272 0.0294001 113.397
10 1755   0.00742511 0.0290769 112.223
10 1756   0.00736884 0.0298408 112.978
10 1757   0.00695123 0.0295175 112.054
10 1758   0.0214921 0.0215399 113.397
10 1759   0.0209688 0.0214688 112.224
10 1760   0.021302 0.0221584 112.978
10 1761   0.0207787 0.0220873 112.054
10 1762   0.00791235 -0.0293742 113.375
10 1763   0.00811524 -0.0288799 112.196
10 1764   0.0085402 -0.0295245 112.97
10 1765   0.00874309 -0.0290301 112.039
10 1766   -0.0214827 -0.0215394 113.375
10 1767   -0.0209531 -0.021468 112.196
10 1768   -0.0212988 -0.0221583 112.97
10 1769   -0.0207693 -0.0220868 112.038
10 1770   0.0299962 -0.000364049 112.196
10 1771   0.0304212 -4.0132e-005 113.375
10 1772   0.0303038 -0.00093162 112.038
10 1773   0.0307288 -0.000607703 112.97
10 1774   -0.000364049 -0.0299962 112.2
10 1775   -4.0132e-005 -0.0304212 113.376
10 1776   -0.00093162 -0.0303038 112.04
10 1777   -0.000607703 -0.0307288 112.969
10 1778   0.0293742 0.00791235 113.375
10 1779   0.0288799 0.00811524 112.197
10 1780   0.0295245 0.0085402 112.971
10 1781   0.0290301 0.00874309 112.039
10 1782   0.0163176 -0.0061827 98.6119
10 1783   0.0156933 -0.00643624 98.352
10 1784   0.0153782 -0.00573 97.7448
10 1786   0.0152455 -0.00689061 98.0026
10 1789   0.0154385 -0.00777164 97.8691
10 1790   0.0147163 -0.00804822 95.4891
10 1791   0.0274387 0.00576636 109.995
10 1792   0.0275855 0.004652 109.781
10 1793   0.028992 0.00461044 110.396
10 1794   0.0287866 0.00617054 110.993
10 1795   0.0295485 0.00570402 110.957
10 1796   0.00264615 -0.0278495 109.781
10 1797   0.00153179 -0.0279962 109.995
10 1798   0.00305033 -0.0291974 110.397
10 1799   0.00213806 -0.030018 110.957
10 1800   0.00149023 -0.0294028 110.994
10 1801   -0.0237605 -0.0172403 110.396
10 1802   -0.0234796 -0.0153247 109.995
10 1803   -0.0227953 -0.0162164 109.781
10 1804   -0.0249273 -0.0168606 110.957
10 1805   -0.0247184 -0.015992 110.993
10 1809   0.0296948 -0.00716269 112.509
10 1810   0.0298122 -0.0062712 111.427
10 1817   -0.016646 -0.0255148 111.427
10 1818   -0.0159326 -0.0260622 112.509
10 1822   -0.0152782 -0.0180267 106.32
10 1823   -0.0180806 -0.018938 108.619
10 1824   -0.0184446 -0.0173227 107.868
10 1825   -0.0170434 -0.0168671 106.667
10 1826   -0.0145447 -0.0206909 107.815
10 1827   -0.0166703 -0.0196352 108.199
10 1828   -0.015269 -0.0191795 107.14
10 1829   0.0235501 -0.0019435 106.32
10 1830   0.0261761 -0.000606272 108.619
10 1831   0.0239783 0.000124688 106.667
10 1832   0.0252914 0.000793304 107.868
10 1833   0.0249153 -0.004346 107.815
10 1834   0.0243588 -0.00276512 107.14
10 1835   0.0256718 -0.0020965 108.199
10 1836   -0.0155893 -0.0214203 108.779
10 1837   -0.0173472 -0.0216022 109.577
10 1838   -0.0166593 -0.0205992 108.753
10 1839   -0.0154422 -0.0237595 110.23
10 1840   -0.0157485 -0.0224462 109.44
10 1841   -0.0168058 -0.0224004 109.726
10 1842   -0.0164868 -0.0244888 110.758
10 1843   -0.017137 -0.0236771 110.338
10 1844   0.0275414 -0.00300877 109.577
10 1845   0.0263457 -0.0027859 108.753
10 1846   0.0261697 -0.00412313 108.779
10 1847   0.0277198 -0.00588118 110.23
10 1848   0.0277229 -0.00395598 109.726
10 1849   0.0270077 -0.00473603 109.44
10 1850   0.0289741 -0.00565831 110.758
10 1851   0.0288599 -0.00462459 110.338
10 1852   0.0227629 0.0185999 110.429
10 1853   0.0215491 0.0179339 109.824
10 1854   0.020908 0.0187524 110.034
10 1855   0.0218481 0.0197751 111.021
10 1856   0.0227287 0.0197513 110.978
10 1857   -0.0227629 0.0185999 110.429
10 1858   -0.020908 0.0187524 110.034
10 1859   -0.0215491 0.0179339 109.824
10 1860   -0.0227287 0.0197513 110.978
10 1861   -0.0218481 0.0197751 111.021
10 1862   0.0104134 0.0274894 110.429
10 1863   0.00969515 0.0263058 109.824
10 1864   0.00873068 0.0266941 110.034
10 1865   0.00903352 0.0280498 111.021
10 1866   0.00980799 0.0284695 110.978
10 1867   0.0187524 -0.020908 110.034
10 1868   0.0179339 -0.0215491 109.824
10 1869   0.0185999 -0.0227629 110.429
10 1870   0.0197751 -0.0218481 111.021
10 1871   0.0197513 -0.0227287 110.978
10 1872   -0.0190272 0.0215177 110.431
10 1873   -0.0181365 0.0219084 110.036
10 1874   -0.0188243 0.0229115 110.543
10 1875   -0.0198816 0.0228656 111.038
10 1876   -0.0200717 0.0222471 111.286
10 1877   0.00484661 0.0292541 110.543
10 1878   0.00571914 0.0281485 110.431
10 1879   0.00475243 0.0280415 110.036
10 1880   0.00625907 0.0293024 111.286
10 1881   0.00578519 0.029743 111.038
10 1882   -0.00830581 -0.0152614 97.2983
10 1883   -0.00834032 -0.0147279 94.7921
10 1884   -0.00777064 -0.0150522 97.016
10 1885   -0.00780514 -0.0145187 95.144
10 1886   0.0229115 -0.0188243 110.543
10 1887   0.0215177 -0.0190272 110.431
10 1888   0.0219084 -0.0181365 110.036
10 1889   0.0222471 -0.0200717 111.286
10 1890   0.0228656 -0.0198816 111.037
10 1891   0.0163117 -0.0045167 94.7891
10 1892   0.0166646 -0.00491837 97.3079
10 1893   0.0157853 -0.00474719 95.1464
10 1894   0.0163146 -0.0053497 97.5672
10 1895   0.0158261 -0.00527563 97.0295
10 1896   0.0181365 0.0219084 110.043
10 1897   0.0190272 0.0215177 110.431
10 1898   0.0188243 0.0229115 110.544
10 1899   0.0200717 0.0222471 111.287
10 1900   0.0198816 0.0228656 111.038
10 1901   -0.00176739 -0.0286626 110.422
10 1902   -0.00266927 -0.0283137 110.033
10 1903   -0.00289214 -0.0295093 110.541
10 1904   -0.00211209 -0.0302245 111.035
10 1905   -0.00154452 -0.0299169 111.278
end
