Torque Curves with Flux-Weakening Control
Speed (rpm)
Torque (N.m)
0	38.813100
1.5	38.800537
3	38.779006
4.5	38.747964
6	38.706837
7.5	38.655014
9	38.591851
10.5	38.516661
12	38.428715
13.5	38.327242
15	38.211420
16.5	38.080377
18	37.933186
19.5	37.768862
21	37.586356
22.5	37.384554
24	37.162268
25.5	36.918235
27	36.651109
28.5	36.359455
30	36.041746
31.5	35.696352
33	35.321532
34.5	34.915433
36	34.476074
37.5	34.001339
39	33.488968
40.5	32.936545
42	32.341490
43.5	31.701039
45	31.012236
46.5	30.271919
48	29.476699
49.5	28.622948
51	27.706777
52.5	26.724019
54	25.670204
55.5	24.540539
57	23.329881
58.5	22.032709
60	20.643099
61.5	19.154689
63	17.560647
64.5	15.853635
66	14.025773
67.5	12.068594
69	9.973002
70.5	7.729230
72	5.326786
73.5	2.754407
75	0.000000
Torque_2.5Hz_19.8104V
0	52.676995
3	52.720620
6	52.753068
9	52.773580
12	52.781348
15	52.775509
18	52.755147
21	52.719281
24	52.666871
27	52.596804
30	52.507894
33	52.398876
36	52.268398
39	52.115020
42	51.937200
45	51.733294
48	51.501542
51	51.240064
54	50.946849
57	50.619745
60	50.256450
63	49.854498
66	49.411249
69	48.923874
72	48.389342
75	47.804401
78	47.165567
81	46.469100
84	45.710988
87	44.886924
90	43.992282
93	43.022096
96	41.971031
99	40.833352
102	39.602899
105	38.273048
108	36.836680
111	35.286139
114	33.613195
117	31.808999
120	29.864037
123	27.768084
126	25.510147
129	23.078418
132	20.460215
135	17.641923
138	14.608939
141	11.345608
144	7.835166
147	4.059682
150	0.000000
Torque_5Hz_33.1029V
0	56.323978
4.5	56.445201
9	56.555746
13.5	56.654766
18	56.741357
22.5	56.814548
27	56.873302
31.5	56.916506
36	56.942970
40.5	56.951417
45	56.940478
49.5	56.908688
54	56.854471
58.5	56.776143
63	56.671891
67.5	56.539773
72	56.377704
76.5	56.183445
81	55.954592
85.5	55.688562
90	55.382579
94.5	55.033662
99	54.638607
103.5	54.193968
108	53.696041
112.5	53.140844
117	52.524094
121.5	51.841184
126	51.087160
130.5	50.256695
135	49.344059
139.5	48.343089
144	47.247161
148.5	46.049152
153	44.741410
157.5	43.315713
162	41.763232
166.5	40.074495
171	38.239342
175.5	36.246888
180	34.085481
184.5	31.742663
189	29.205133
193.5	26.458713
198	23.488318
202.5	20.277933
207	16.810601
211.5	13.068418
216	9.032553
220.5	4.683271
225	0.000000
Torque_7.5Hz_43.322V
0	59.244878
6	59.463622
12	59.673168
18	59.872610
24	60.060969
30	60.237191
36	60.400138
42	60.548582
48	60.681199
54	60.796562
60	60.893126
66	60.969230
72	61.023074
78	61.052721
84	61.056076
90	61.030875
96	60.974677
102	60.884841
108	60.758518
114	60.592626
120	60.383837
126	60.128555
132	59.822895
138	59.462657
144	59.043307
150	58.559943
156	58.007273
162	57.379581
168	56.670697
174	55.873963
180	54.982196
186	53.987653
192	52.881993
198	51.656234
204	50.300721
210	48.805077
216	47.158174
222	45.348087
228	43.362069
234	41.186514
240	38.806941
246	36.207979
252	33.373363
258	30.285953
264	26.927762
270	23.280016
276	19.323244
282	15.037392
288	10.401997
294	5.396396
300	0.000000
Torque_10Hz_53.6036V
0	60.789017
7.5	61.112351
15	61.429082
22.5	61.738301
30	62.039019
37.5	62.330160
45	62.610550
52.5	62.878912
60	63.133855
67.5	63.373864
75	63.597292
82.5	63.802340
90	63.987055
97.5	64.149306
105	64.286774
112.5	64.396934
120	64.477034
127.5	64.524078
135	64.534806
142.5	64.505663
150	64.432783
157.5	64.311952
165	64.138588
172.5	63.907699
180	63.613858
187.5	63.251159
195	62.813181
202.5	62.292947
210	61.682881
217.5	60.974758
225	60.159661
232.5	59.227933
240	58.169125
247.5	56.971946
255	55.624222
262.5	54.112846
270	52.423743
277.5	50.541835
285	48.451022
292.5	46.134175
300	43.573146
307.5	40.748803
315	37.641100
322.5	34.229170
330	30.491483
337.5	26.406039
345	21.950642
352.5	17.103232
360	11.842315
367.5	6.147476
375	0.000000
Torque_12.5Hz_63.9176V
0	61.038736
9	61.461139
18	61.880358
27	62.295557
36	62.705810
45	63.110099
54	63.507298
63	63.896171
72	64.275352
81	64.643338
90	64.998474
99	65.338939
108	65.662725
117	65.967625
126	66.251209
135	66.510803
144	66.743465
153	66.945959
162	67.114725
171	67.245849
180	67.335027
189	67.377527
198	67.368151
207	67.301187
216	67.170363
225	66.968797
234	66.688940
243	66.322516
252	65.860465
261	65.292874
270	64.608912
279	63.796762
288	62.843551
297	61.735286
306	60.456793
315	58.991657
324	57.322183
333	55.429366
342	53.292886
351	50.891131
360	48.201257
369	45.199299
378	41.860344
387	38.158770
396	34.068582
405	29.563846
414	24.619246
423	19.210770
432	13.316540
441	6.917792
450	0.000000
Torque_15Hz_74.2503V
0	60.277951
10.5	60.785632
21	61.293945
31.5	61.802185
42	62.309563
52.5	62.815192
63	63.318080
73.5	63.817116
84	64.311056
94.5	64.798512
105	65.277933
115.5	65.747588
126	66.205547
136.5	66.649656
147	67.077517
157.5	67.486457
168	67.873499
178.5	68.235331
189	68.568264
199.5	68.868197
210	69.130566
220.5	69.350298
231	69.521758
241.5	69.638684
252	69.694125
262.5	69.680371
273	69.588873
283.5	69.410162
294	69.133763
304.5	68.748099
315	68.240394
325.5	67.596576
336	66.801174
346.5	65.837224
357	64.686174
367.5	63.327806
378	61.740177
388.5	59.899583
399	57.780563
409.5	55.355958
420	52.597031
430.5	49.473683
441	45.954766
451.5	42.008539
462	37.603272
472.5	32.708041
483	27.293719
493.5	21.334190
504	14.807787
514.5	7.698939
525	0.000000
Torque_17.5Hz_84.595V
0	58.811162
12	59.386731
24	59.966739
36	60.550662
48	61.137896
60	61.727744
72	62.319409
84	62.911977
96	63.504405
108	64.095507
120	64.683931
132	65.268144
144	65.846409
156	66.416754
168	66.976952
180	67.524483
192	68.056502
204	68.569794
216	69.060736
228	69.525241
240	69.958705
252	70.355941
264	70.711114
276	71.017658
288	71.268197
300	71.454441
312	71.567092
324	71.595725
336	71.528664
348	71.352855
360	71.053725
372	70.615033
384	70.018724
396	69.244782
408	68.271085
420	67.073280
432	65.624681
444	63.896213
456	61.856402
468	59.471459
480	56.705467
492	53.520710
504	49.878182
516	45.738321
528	41.062000
540	35.811831
552	29.953790
564	23.459202
576	16.307049
588	8.486564
600	0.000000
Torque_20Hz_94.9478V
0	56.897405
13.5	57.523291
27	58.157133
40.5	58.798611
54	59.447332
67.5	60.102824
81	60.764522
94.5	61.431755
108	62.103734
121.5	62.779533
135	63.458071
148.5	64.138092
162	64.818139
175.5	65.496528
189	66.171317
202.5	66.840270
216	67.500815
229.5	68.150003
243	68.784451
256.5	69.400288
270	69.993087
283.5	70.557785
297	71.088608
310.5	71.578966
324	72.021351
337.5	72.407212
351	72.726827
364.5	72.969148
378	73.121641
391.5	73.170100
405	73.098463
418.5	72.888593
432	72.520071
445.5	71.969966
459	71.212622
472.5	70.219447
486	68.958745
499.5	67.395586
513	65.491766
526.5	63.205878
540	60.493548
553.5	57.307881
567	53.600201
580.5	49.321123
594	44.422069
607.5	38.857250
621	32.586195
634.5	25.576810
648	17.808920
661.5	9.278165
675	0.000000
Torque_22.5Hz_105.306V
0	54.734017
15	55.394408
30	56.065824
45	56.748150
60	57.441215
75	58.144780
90	58.858528
105	59.582051
120	60.314837
135	61.056254
150	61.805531
165	62.561735
180	63.323750
195	64.090246
210	64.859645
225	65.630089
240	66.399393
255	67.164996
270	67.923907
285	68.672636
300	69.407122
315	70.122646
330	70.813734
345	71.474044
360	72.096238
375	72.671833
390	73.191042
405	73.642582
420	74.013464
435	74.288762
450	74.451353
465	74.481632
480	74.357213
495	74.052606
510	73.538891
525	72.783399
540	71.749416
555	70.395952
570	68.677598
585	66.544545
600	63.942818
615	60.814821
630	57.100304
645	52.737843
660	47.666989
675	41.831160
690	35.181365
705	27.680749
720	19.309833
735	10.072182
750	0.000000
Torque_25Hz_115.669V
0	52.461277
16.5	53.142924
33	53.838156
49.5	54.547056
66	55.269665
82.5	56.005971
99	56.755901
115.5	57.519310
132	58.295968
148.5	59.085542
165	59.887584
181.5	60.701503
198	61.526549
214.5	62.361780
231	63.206031
247.5	64.057875
264	64.915584
280.5	65.777072
297	66.639839
313.5	67.500902
330	68.356714
346.5	69.203071
363	70.035002
379.5	70.846644
396	71.631099
412.5	72.380260
429	73.084621
445.5	73.733049
462	74.312533
478.5	74.807891
495	75.201442
511.5	75.472637
528	75.597659
544.5	75.548984
561	75.294914
577.5	74.799107
594	74.020116
610.5	72.910982
627	71.418932
643.5	69.485261
660	67.045494
676.5	64.029972
693	60.365006
709.5	55.974801
726	50.784342
742.5	44.723419
759	37.731909
775.5	29.766302
792	20.807245
808.5	10.867575
825	0.000000
Torque_27.5Hz_126.034V
0	50.173820
18	50.866140
36	51.574107
54	52.297981
72	53.037997
90	53.794354
108	54.567208
126	55.356661
144	56.162750
162	56.985435
180	57.824578
198	58.679933
216	59.551112
234	60.437570
252	61.338566
270	62.253131
288	63.180023
306	64.117677
324	65.064147
342	66.017031
360	66.973395
378	67.929669
396	68.881536
414	69.823794
432	70.750199
450	71.653276
468	72.524103
486	73.352051
504	74.124489
522	74.826439
540	75.440176
558	75.944775
576	76.315599
594	76.523726
612	76.535328
630	76.311004
648	75.805113
666	74.965123
684	73.731071
702	72.035211
720	69.802004
738	66.948632
756	63.386276
774	59.022447
792	53.764690
810	47.525957
828	40.231845
846	31.829703
864	22.299217
882	11.663616
900	0.000000
Torque_30Hz_136.403V
0	47.932454
19.5	48.627292
39	49.339378
58.5	50.069134
78	50.816964
97.5	51.583254
117	52.368367
136.5	53.172627
156	53.996319
175.5	54.839670
195	55.702837
214.5	56.585891
234	57.488797
253.5	58.411391
273	59.353347
292.5	60.314149
312	61.293047
331.5	62.289007
351	63.300658
370.5	64.326219
390	65.363418
409.5	66.409393
429	67.460573
448.5	68.512542
468	69.559866
487.5	70.595899
507	71.612542
526.5	72.599961
546	73.546257
565.5	74.437067
585	75.255108
604.5	75.979633
624	76.585810
643.5	77.044014
663	77.319022
682.5	77.369141
702	77.145278
721.5	76.589992
741	75.636625
760.5	74.208615
780	72.219174
799.5	69.571596
819	66.160517
838.5	61.874579
858	56.600960
877.5	50.232275
897	42.676193
916.5	33.867809
936	23.784197
955.5	12.459763
975	0.000000
Torque_32.5Hz_146.773V
0	45.774099
21	46.465343
42	47.175043
63	47.903752
84	48.652023
105	49.420406
126	50.209440
147	51.019649
168	51.851535
189	52.705564
210	53.582160
231	54.481686
252	55.404430
273	56.350580
294	57.320203
315	58.313214
336	59.329335
357	60.368053
378	61.428564
399	62.509711
420	63.609899
441	64.727001
462	65.858245
483	67.000066
504	68.147942
525	69.296185
546	70.437693
567	71.563650
588	72.663166
609	73.722843
630	74.726256
651	75.653342
672	76.479671
693	77.175595
714	77.705275
735	78.025566
756	78.084805
777	77.821514
798	77.163118
819	76.024808
840	74.308765
861	71.904078
882	68.687810
903	64.527819
924	59.288064
945	52.837151
966	45.060738
987	35.877925
1008	25.260885
1029	13.255600
1050	0.000000
Torque_35Hz_157.144V
0	43.719359
22.5	44.402551
45	45.105071
67.5	45.827585
90	46.570768
112.5	47.335309
135	48.121899
157.5	48.931232
180	49.763999
202.5	50.620877
225	51.502522
247.5	52.409558
270	53.342559
292.5	54.302038
315	55.288418
337.5	56.302010
360	57.342976
382.5	58.411296
405	59.506707
427.5	60.628652
450	61.776202
472.5	62.947963
495	64.141965
517.5	65.355525
540	66.585079
562.5	67.825972
585	69.072210
607.5	70.316144
630	71.548100
652.5	72.755909
675	73.924351
697.5	75.034473
720	76.062774
742.5	76.980224
765	77.751112
787.5	78.331708
810	78.668730
832.5	78.697670
855	78.341032
877.5	77.506634
900	76.086225
922.5	73.954811
945	70.971290
967.5	66.981198
990	61.822629
1012.5	55.336457
1035	47.381886
1057.5	37.857684
1080	26.728157
1102.5	14.050793
1125	0.000000
Torque_37.5Hz_167.517V
0	41.777996
24	42.449973
48	43.141876
72	43.854460
96	44.588506
120	45.344813
144	46.124202
168	46.927512
192	47.755592
216	48.609300
240	49.489494
264	50.397023
288	51.332716
312	52.297368
336	53.291723
360	54.316450
384	55.372111
408	56.459136
432	57.577766
456	58.728009
480	59.909566
504	61.121748
528	62.363370
552	63.632621
576	64.926900
600	66.242615
624	67.574932
648	68.917462
672	70.261877
696	71.597429
720	72.910358
744	74.183168
768	75.393725
792	76.514176
816	77.509629
840	78.336589
864	78.941122
888	79.256768
912	79.202246
936	78.679116
960	77.569628
984	75.735256
1008	73.016611
1032	69.235823
1056	64.202795
1080	57.727027
1104	49.636578
1128	39.804984
1152	28.185019
1176	14.845068
1200	0.000000
Torque_40Hz_177.891V
0	39.952761
25.5	40.611355
51	41.290250
76.5	41.990274
102	42.712290
127.5	43.457192
153	44.225907
178.5	45.019390
204	45.838626
229.5	46.684624
255	47.558414
280.5	48.461039
306	49.393546
331.5	50.356978
357	51.352358
382.5	52.380670
408	53.442839
433.5	54.539694
459	55.671939
484.5	56.840097
510	58.044456
535.5	59.284987
561	60.561250
586.5	61.872273
612	63.216395
637.5	64.591077
663	65.992655
688.5	67.416037
714	68.854312
739.5	70.298272
765	71.735796
790.5	73.151095
816	74.523757
841.5	75.827565
867	77.029048
892.5	78.085699
918	78.943851
943.5	79.536171
969	79.778814
994.5	79.568357
1020	78.778763
1045.5	77.258903
1071	74.831460
1096.5	71.294568
1122	66.428040
1147.5	60.006561
1173	51.822230
1198.5	41.717947
1224	29.630572
1249.5	15.638189
1275	0.000000
Torque_42.5Hz_188.265V
0	38.242005
27	38.885802
54	39.550096
81	40.235775
108	40.943766
135	41.675039
162	42.430606
189	43.211519
216	44.018875
243	44.853808
270	45.717491
297	46.611130
324	47.535959
351	48.493234
378	49.484218
405	50.510173
432	51.572336
459	52.671897
486	53.809968
513	54.987541
540	56.205435
567	57.464232
594	58.764182
621	60.105103
648	61.486230
675	62.906039
702	64.362014
729	65.850350
756	67.365580
783	68.900088
810	70.443504
837	71.981917
864	73.496891
891	74.964214
918	76.352328
945	77.620375
972	78.715792
999	79.571413
1026	80.102052
1053	80.200676
1080	79.734373
1107	78.540669
1134	76.425121
1161	73.161799
1188	68.499024
1215	62.173552
1242	53.936688
1269	43.594883
1296	31.063992
1323	16.429951
1350	0.000000
Torque_45Hz_198.641V
0	36.641439
28.5	37.269587
57	37.918290
85.5	38.588478
114	39.281132
142.5	39.997279
171	40.738000
199.5	41.504426
228	42.297742
256.5	43.119187
285	43.970052
313.5	44.851678
342	45.765457
370.5	46.712823
399	47.695247
427.5	48.714227
456	49.771273
484.5	50.867890
513	52.005551
541.5	53.185663
570	54.409525
598.5	55.678267
627	56.992777
655.5	58.353598
684	59.760805
712.5	61.213832
741	62.711263
769.5	64.250546
798	65.827635
826.5	67.436521
855	69.068626
883.5	70.712021
912	72.350417
940.5	73.961874
969	75.517142
997.5	76.977557
1026	78.292400
1054.5	79.395620
1083	80.201880
1111.5	80.601931
1140	80.457530
1168.5	79.596369
1197	77.808081
1225.5	74.843117
1254	70.417447
1282.5	64.227207
1311	55.978197
1339.5	45.434275
1368	32.484518
1396.5	17.220173
1425	0.000000
Torque_47.5Hz_209.017V
0	35.145281
30	35.757346
60	36.389912
90	37.043946
120	37.720464
150	38.420541
180	39.145311
210	39.895966
240	40.673764
270	41.480026
300	42.316141
330	43.183561
360	44.083808
390	45.018466
420	45.989180
450	46.997651
480	48.045623
510	49.134871
540	50.267184
570	51.444336
600	52.668048
630	53.939945
660	55.261486
690	56.633879
720	58.057969
750	59.534084
780	61.061842
810	62.639887
840	64.265546
870	65.934386
900	67.639622
930	69.371343
960	71.115511
990	72.852637
1020	74.556069
1050	76.189775
1080	77.705497
1110	79.039150
1140	80.106343
1170	80.796988
1200	80.969100
1230	80.442240
1260	78.991647
1290	76.345084
1320	72.185877
1350	66.167359
1380	57.945345
1410	47.234743
1440	33.891426
1470	18.008680
1500	0.000000
Torque_50Hz_219.393V
0	30.767714
31.5	31.310963
63	31.872777
94.5	32.454059
126	33.055764
157.5	33.678903
189	34.324545
220.5	34.993823
252	35.687934
283.5	36.408143
315	37.155786
346.5	37.932272
378	38.739083
409.5	39.577778
441	40.449990
472.5	41.357423
504	42.301848
535.5	43.285098
567	44.309050
598.5	45.375612
630	46.486694
661.5	47.644173
693	48.849847
724.5	50.105362
756	51.412129
787.5	52.771196
819	54.183088
850.5	55.647592
882	57.163463
913.5	58.728044
945	60.336745
976.5	61.982369
1008	63.654198
1039.5	65.336795
1071	67.008411
1102.5	68.638895
1134	70.186953
1165.5	71.596607
1197	72.792688
1228.5	73.675241
1260	74.112860
1291.5	73.935269
1323	72.926062
1354.5	70.817595
1386	67.291636
1417.5	61.991625
1449	54.554422
1480.5	44.669582
1512	32.169025
1543.5	17.135990
1575	0.000000
Torque_52.5Hz_219.393V
0	27.075235
33	27.559093
66	28.059777
99	28.578129
132	29.115038
165	29.671451
198	30.248374
231	30.846871
264	31.468076
297	32.113189
330	32.783484
363	33.480312
396	34.205102
429	34.959365
462	35.744696
495	36.562774
528	37.415360
561	38.304295
594	39.231494
627	40.198930
660	41.208624
693	42.262614
726	43.362922
759	44.511503
792	45.710174
825	46.960518
858	48.263751
891	49.620546
924	51.030788
957	52.493245
990	54.005127
1023	55.561484
1056	57.154404
1089	58.771921
1122	60.396560
1155	62.003384
1188	63.557388
1221	65.010070
1254	66.294963
1287	67.321937
1320	67.970191
1353	68.080111
1386	67.444731
1419	65.802683
1452	62.836305
1485	58.181264
1518	51.456876
1551	42.327308
1584	30.598808
1617	16.341906
1650	0.000000
Torque_55Hz_219.393V
0	23.941099
34.5	24.373527
69	24.821224
103.5	25.284970
138	25.765594
172.5	26.263978
207	26.781062
241.5	27.317845
276	27.875394
310.5	28.454840
345	29.057392
379.5	29.684334
414	30.337031
448.5	31.016936
483	31.725587
517.5	32.464618
552	33.235754
586.5	34.040813
621	34.881706
655.5	35.760427
690	36.679047
724.5	37.639695
759	38.644533
793.5	39.695720
828	40.795359
862.5	41.945418
897	43.147632
931.5	44.403351
966	45.713340
1000.5	47.077506
1035	48.494514
1069.5	49.961270
1104	51.472205
1138.5	53.018308
1173	54.585799
1207.5	56.154321
1242	57.694499
1276.5	59.164650
1311	60.506416
1345.5	61.639059
1380	62.452226
1414.5	62.797221
1449	62.477343
1483.5	61.238961
1518	58.766987
1552.5	54.691499
1587	48.615929
1621.5	40.179383
1656	29.161031
1690.5	15.616185
1725	0.000000
Torque_57.5Hz_219.393V
0	21.265254
36	21.652992
72	22.054606
108	22.470818
144	22.902397
180	23.350166
216	23.814999
252	24.297832
288	24.799663
324	25.321557
360	25.864653
396	26.430165
432	27.019390
468	27.633713
504	28.274609
540	28.943651
576	29.642510
612	30.372961
648	31.136882
684	31.936253
720	32.773154
756	33.649750
792	34.568280
828	35.531030
864	36.540289
900	37.598301
936	38.707175
972	39.868770
1008	41.084533
1044	42.355266
1080	43.680802
1116	45.059562
1152	46.487930
1188	47.959387
1224	49.463322
1260	50.983375
1296	52.495164
1332	53.963173
1368	55.336527
1404	56.543350
1440	57.483430
1476	58.019047
1512	57.964338
1548	57.074628
1584	55.039251
1620	51.484872
1656	46.000897
1692	38.202024
1728	27.839241
1764	14.950291
1800	0.000000
Torque_60Hz_219.393V
0	18.968102
37.5	19.316872
75	19.678272
112.5	20.052971
150	20.441681
187.5	20.845166
225	21.264242
262.5	21.699781
300	22.152715
337.5	22.624043
375	23.114834
412.5	23.626233
450	24.159467
487.5	24.715849
525	25.296784
562.5	25.903776
600	26.538433
637.5	27.202470
675	27.897715
712.5	28.626109
750	29.389709
787.5	30.190679
825	31.031287
862.5	31.913882
900	32.840873
937.5	33.814682
975	34.837685
1012.5	35.912116
1050	37.039937
1087.5	38.222647
1125	39.461010
1162.5	40.754675
1200	42.101634
1237.5	43.497461
1275	44.934245
1312.5	46.399090
1350	47.872015
1387.5	49.323031
1425	50.708104
1462.5	51.963645
1500	52.999157
1537.5	53.687776
1575	53.854831
1612.5	53.265582
1650	51.615439
1687.5	48.529780
1725	43.585973
1762.5	36.375251
1800	26.619618
1837.5	14.337051
1875	0.000000
Torque_62.5Hz_219.393V
0	16.985848
39	17.300525
78	17.626716
117	17.965040
156	18.316161
195	18.680785
234	19.059672
273	19.453632
312	19.863538
351	20.290322
390	20.734988
429	21.198611
468	21.682346
507	22.187436
546	22.715212
585	23.267107
624	23.844657
663	24.449509
702	25.083427
741	25.748299
780	26.446134
819	27.179070
858	27.949365
897	28.759391
936	29.611615
975	30.508571
1014	31.452813
1053	32.446842
1092	33.493004
1131	34.593331
1170	35.749321
1209	36.961607
1248	38.229500
1287	39.550317
1326	40.918437
1365	42.323945
1404	43.750714
1443	45.173678
1482	46.555009
1521	47.838792
1560	48.943745
1599	49.753600
1638	50.105027
1677	49.773972
1716	48.463372
1755	45.799340
1794	41.349282
1833	34.682158
1872	25.490469
1911	13.770398
1950	0.000000
Torque_65Hz_219.393V
0	15.267010
40.5	15.551754
81	15.847017
121.5	16.153369
162	16.471426
202.5	16.801843
243	17.145325
283.5	17.502629
324	17.874566
364.5	18.262009
405	18.665895
445.5	19.087234
486	19.527112
526.5	19.986699
567	20.467256
607.5	20.970139
648	21.496811
688.5	22.048847
729	22.627939
769.5	23.235907
810	23.874702
850.5	24.546413
891	25.253264
931.5	25.997615
972	26.781949
1012.5	27.608859
1053	28.481007
1093.5	29.401077
1134	30.371691
1174.5	31.395285
1215	32.473922
1255.5	33.609022
1296	34.800966
1336.5	36.048514
1377	37.347974
1417.5	38.691985
1458	40.067773
1498.5	41.454632
1539	42.820329
1579.5	44.115998
1620	45.269019
1660.5	46.173348
1701	46.676979
1741.5	46.567077
1782	45.555341
1822.5	43.270517
1863	39.272152
1903.5	33.108339
1944	24.441834
1984.5	13.245161
2025	0.000000
Torque_67.5Hz_219.393V
0	13.769760
42	14.028142
84	14.296147
126	14.574308
168	14.863191
210	15.163406
252	15.475609
294	15.800503
336	16.138844
378	16.491446
420	16.859186
462	17.243011
504	17.643939
546	18.063071
588	18.501596
630	18.960797
672	19.442063
714	19.946890
756	20.476897
798	21.033831
840	21.619573
882	22.236149
924	22.885731
966	23.570643
1008	24.293353
1050	25.056468
1092	25.862709
1134	26.714875
1176	27.615778
1218	28.568149
1260	29.574485
1302	30.636824
1344	31.756407
1386	32.933184
1428	34.165076
1470	35.446899
1512	36.768782
1554	38.113859
1596	39.454909
1638	40.749503
1680	41.933096
1722	42.909414
1764	43.537617
1806	43.616424
1848	42.867324
1890	40.923431
1932	37.338535
1974	31.641444
2016	23.465176
2058	12.756907
2100	0.000000
Torque_70Hz_219.393V
0	12.459907
43.5	12.694994
87	12.938904
130.5	13.192129
174	13.455194
217.5	13.728666
261	14.013153
304.5	14.309310
348	14.617842
391.5	14.939508
435	15.275128
478.5	15.625587
522	15.991841
565.5	16.374924
609	16.775955
652.5	17.196146
696	17.636810
739.5	18.099369
783	18.585365
826.5	19.096465
870	19.634478
913.5	20.201356
957	20.799208
1000.5	21.430302
1044	22.097069
1087.5	22.802099
1131	23.548132
1174.5	24.338026
1218	25.174719
1261.5	26.061149
1305	27.000137
1348.5	27.994199
1392	29.045266
1435.5	30.154255
1479	31.320432
1522.5	32.540457
1566	33.806962
1609.5	35.106445
1653	36.416153
1696.5	37.699500
1740	38.899417
1783.5	39.928891
1827	40.657972
1870.5	40.897096
1914	40.378358
1957.5	38.740816
2001	35.534558
2044.5	30.270819
2088	22.553138
2131.5	12.301817
2175	0.000000
Torque_72.5Hz_219.393V
0	11.309332
45	11.523773
90	11.746317
135	11.977419
180	12.217568
225	12.467290
270	12.727150
315	12.997758
360	13.279770
405	13.573895
450	13.880899
495	14.201609
540	14.536921
585	14.887808
630	15.255320
675	15.640601
720	16.044891
765	16.469536
810	16.916001
855	17.385877
900	17.880892
945	18.402922
990	18.954002
1035	19.536335
1080	20.152295
1125	20.804434
1170	21.495477
1215	22.228304
1260	23.005922
1305	23.831410
1350	24.707821
1395	25.638036
1440	26.624529
1485	27.669000
1530	28.771827
1575	29.931225
1620	31.141975
1665	32.393509
1710	33.667037
1755	34.931249
1800	36.135959
1845	37.202867
1890	38.012548
1935	38.387166
1980	38.070048
2025	36.707587
2070	33.848153
2115	28.987226
2160	21.699342
2205	11.876579
2250	0.000000
Torque_75Hz_219.393V
0	10.294781
46.5	10.490868
93	10.694410
139.5	10.905829
186	11.125580
232.5	11.354151
279	11.592068
325.5	11.839898
372	12.098254
418.5	12.367797
465	12.649241
511.5	12.943363
558	13.251001
604.5	13.573066
651	13.910547
697.5	14.264522
744	14.636158
790.5	15.026732
837	15.437631
883.5	15.870367
930	16.326590
976.5	16.808097
1023	17.316842
1069.5	17.854955
1116	18.424742
1162.5	19.028700
1209	19.669515
1255.5	20.350057
1302	21.073363
1348.5	21.842594
1395	22.660965
1441.5	23.531629
1488	24.457477
1534.5	25.440840
1581	26.483011
1627.5	27.583506
1674	28.738941
1720.5	29.941298
1767	31.175290
1813.5	32.414347
1860	33.614587
1906.5	34.705857
1953	35.578818
1999.5	36.067251
2046	35.926162
2092.5	34.810488
2139	32.268768
2185.5	27.782615
2232	20.898236
2278.5	11.478308
2325	0.000000
Torque_77.5Hz_219.393V
0	9.396919
48	9.576643
96	9.763237
144	9.957094
192	10.158638
240	10.368321
288	10.586634
336	10.814105
384	11.051304
432	11.298850
480	11.557411
528	11.827711
576	12.110537
624	12.406744
672	12.717261
720	13.043101
768	13.385367
816	13.745264
864	14.124105
912	14.523326
960	14.944498
1008	15.389337
1056	15.859717
1104	16.357685
1152	16.885475
1200	17.445514
1248	18.040435
1296	18.673073
1344	19.346460
1392	20.063796
1440	20.828403
1488	21.643623
1536	22.512671
1584	23.438373
1632	24.422767
1680	25.466457
1728	26.567619
1776	27.720440
1824	28.912714
1872	30.122117
1920	31.310511
1968	32.415319
2016	33.336807
2064	33.920147
2112	33.932312
2160	33.037812
2208	30.787131
2256	26.649933
2304	20.144961
2352	11.104482
2400	0.000000
Torque_80Hz_219.393V
0	8.599590
49.5	8.764683
99	8.936120
148.5	9.114266
198	9.299514
247.5	9.492286
297	9.693038
346.5	9.902264
396	10.120496
445.5	10.348310
495	10.586332
544.5	10.835240
594	11.095771
643.5	11.368726
693	11.654980
742.5	11.955484
792	12.271279
841.5	12.603501
891	12.953395
940.5	13.322320
990	13.711771
1039.5	14.123381
1089	14.558945
1138.5	15.020427
1188	15.509980
1237.5	16.029955
1287	16.582917
1336.5	17.171650
1386	17.799155
1435.5	18.468640
1485	19.183481
1534.5	19.947152
1584	20.763106
1633.5	21.634556
1683	22.564140
1732.5	23.553364
1782	24.601722
1831.5	25.705305
1881	26.854608
1930.5	28.031092
1980	29.201832
2029.5	30.311264
2079	31.268741
2128.5	31.930521
2178	32.075683
2227.5	31.379169
2277	29.395048
2326.5	25.582974
2376	19.435246
2425.5	10.752881
2475	0.000000
Torque_82.5Hz_219.393V
0	7.889224
51	8.041202
102	8.199048
153	8.363101
204	8.533726
255	8.711318
306	8.896301
357	9.089136
408	9.290321
459	9.500393
510	9.719937
561	9.949590
612	10.190041
663	10.442043
714	10.706417
765	10.984059
816	11.275948
867	11.583158
918	11.906864
969	12.248356
1020	12.609051
1071	12.990506
1122	13.394431
1173	13.822710
1224	14.277410
1275	14.760803
1326	15.275377
1377	15.823850
1428	16.409175
1479	17.034539
1530	17.703337
1581	18.419124
1632	19.185520
1683	20.006036
1734	20.883788
1785	21.821024
1836	22.818348
1887	23.873484
1938	24.979287
1989	26.120584
2040	27.269164
2091	28.375922
2142	29.358766
2193	30.084665
2244	30.344820
2295	29.825297
2346	28.085253
2397	24.576257
2448	18.765327
2499	10.421549
2550	0.000000
Torque_85Hz_219.393V
0	7.254375
52.5	7.394567
105	7.540194
157.5	7.691573
210	7.849044
262.5	8.012976
315	8.183764
367.5	8.361839
420	8.547666
472.5	8.741748
525	8.944632
577.5	9.156914
630	9.379242
682.5	9.612321
735	9.856924
787.5	10.113892
840	10.384151
892.5	10.668711
945	10.968684
997.5	11.285291
1050	11.619876
1102.5	11.973920
1155	12.349054
1207.5	12.747077
1260	13.169972
1312.5	13.619928
1365	14.099350
1417.5	14.610882
1470	15.157415
1522.5	15.742091
1575	16.368297
1627.5	17.039628
1680	17.759815
1732.5	18.532590
1785	19.361448
1837.5	20.249237
1890	21.197493
1942.5	22.205334
1995	23.267672
2047.5	24.372316
2100	25.495303
2152.5	26.593456
2205	27.592699
2257.5	28.370283
2310	28.729444
2362.5	28.367904
2415	26.851272
2467.5	23.624917
2520	18.131865
2572.5	10.108753
2625	0.000000
Torque_87.5Hz_219.393V
0	6.685345
54	6.814917
108	6.949532
162	7.089486
216	7.235097
270	7.386707
324	7.544687
378	7.709440
432	7.881399
486	8.061037
540	8.248865
594	8.445443
648	8.651378
702	8.867332
756	9.094032
810	9.332271
864	9.582918
918	9.846930
972	10.125355
1026	10.419350
1080	10.730189
1134	11.059278
1188	11.408172
1242	11.778588
1296	12.172425
1350	12.591784
1404	13.038988
1458	13.516598
1512	14.027432
1566	14.574576
1620	15.161381
1674	15.791450
1728	16.468581
1782	17.196664
1836	17.979481
1890	18.820372
1944	19.721643
1998	20.683602
2052	21.702944
2106	22.770110
2160	23.864956
2214	24.949728
2268	25.957824
2322	26.776320
2376	27.220301
2430	26.999538
2484	25.687311
2538	22.724623
2592	17.531896
2646	9.812953
2700	0.000000
Torque_90Hz_219.393V
0	6.173881
55.5	6.293862
111	6.418530
166.5	6.548161
222	6.683051
277.5	6.823521
333	6.969919
388.5	7.122619
444	7.282029
499.5	7.448591
555	7.622785
610.5	7.805135
666	7.996211
721.5	8.196636
777	8.407093
832.5	8.628329
888	8.861164
943.5	9.106498
999	9.365325
1054.5	9.638737
1110	9.927944
1165.5	10.234280
1221	10.559224
1276.5	10.904414
1332	11.271667
1387.5	11.662998
1443	12.080643
1498.5	12.527076
1554	13.005037
1609.5	13.517540
1665	14.067888
1720.5	14.659663
1776	15.296693
1831.5	15.982971
1887	16.722502
1942.5	17.519008
1998	18.375438
2053.5	19.293104
2109	20.270244
2164.5	21.299617
2220	22.364501
2275.5	23.432085
2331	24.442718
2386.5	25.292808
2442	25.809033
2497.5	25.713481
2553	24.588168
2608.5	21.871504
2664	16.962774
2719.5	9.532773
2775	0.000000
Torque_92.5Hz_219.393V
0	5.712933
57	5.824232
114	5.939894
171	6.060176
228	6.185355
285	6.315732
342	6.451632
399	6.593406
456	6.741435
513	6.896135
570	7.057955
627	7.227388
684	7.404969
741	7.591284
798	7.786976
855	7.992747
912	8.209372
969	8.437700
1026	8.678670
1083	8.933316
1140	9.202784
1197	9.488341
1254	9.791393
1311	10.113502
1368	10.456404
1425	10.822028
1482	11.212523
1539	11.630277
1596	12.077942
1653	12.558457
1710	13.075058
1767	13.631289
1824	14.230976
1881	14.878176
1938	15.577049
1995	16.331624
2052	17.145369
2109	18.020445
2166	18.956420
2223	19.948088
2280	20.981783
2337	22.029190
2394	23.037094
2451	23.910740
2508	24.488076
2565	24.503653
2622	23.549153
2679	21.062086
2736	16.422133
2793	9.266985
2850	0.000000
Torque_95Hz_219.393V
0	5.296456
58.5	5.399880
117	5.507369
175.5	5.619166
234	5.735530
292.5	5.856742
351	5.983107
409.5	6.114954
468	6.252641
526.5	6.396557
585	6.547126
643.5	6.704808
702	6.870109
760.5	7.043578
819	7.225822
877.5	7.417502
936	7.619349
994.5	7.832165
1053	8.056837
1111.5	8.294344
1170	8.545772
1228.5	8.812324
1287	9.095336
1345.5	9.396297
1404	9.716862
1462.5	10.058880
1521	10.424411
1579.5	10.815756
1638	11.235480
1696.5	11.686434
1755	12.171783
1813.5	12.695013
1872	13.259927
1930.5	13.870608
1989	14.531324
2047.5	15.246336
2106	16.019535
2164.5	16.853790
2223	17.749812
2281.5	18.704175
2340	19.705938
2398.5	20.730864
2457	21.731680
2515.5	22.621961
2574	23.250562
2632.5	23.364536
2691	22.566028
2749.5	20.293244
2808	15.907848
2866.5	9.014486
2925	0.000000
Torque_97.5Hz_219.393V
0	4.919248
60	5.015511
120	5.115569
180	5.219649
240	5.327993
300	5.440867
360	5.558554
420	5.681365
480	5.809634
540	5.943729
600	6.084045
660	6.231018
720	6.385122
780	6.546876
840	6.716849
900	6.895666
960	7.084017
1020	7.282659
1080	7.492430
1140	7.714259
1200	7.949174
1260	8.198316
1320	8.462957
1380	8.744512
1440	9.044564
1500	9.364877
1560	9.707429
1620	10.074432
1680	10.468360
1740	10.891978
1800	11.348368
1860	11.840947
1920	12.373476
1980	12.950036
2040	13.574960
2100	14.252682
2160	14.987428
2220	15.782660
2280	16.640060
2340	17.557761
2400	18.527242
2460	19.527953
2520	20.518097
2580	21.419075
2640	22.090241
2700	22.291109
2760	21.634946
2820	19.562157
2880	15.418007
2940	8.774281
3000	0.000000
Torque_100Hz_219.393V
0	4.576813
61.5	4.666553
123	4.759841
184.5	4.856888
246	4.957923
307.5	5.063194
369	5.172968
430.5	5.287536
492	5.407214
553.5	5.532345
615	5.663304
676.5	5.800498
738	5.944375
799.5	6.095423
861	6.254180
922.5	6.421235
984	6.597238
1045.5	6.782907
1107	6.979034
1168.5	7.186498
1230	7.406273
1291.5	7.639444
1353	7.887218
1414.5	8.150944
1476	8.432129
1537.5	8.732463
1599	9.053838
1660.5	9.398380
1722	9.768472
1783.5	10.166789
1845	10.596327
1906.5	11.060425
1968	11.562786
2029.5	12.107464
2091	12.698826
2152.5	13.341426
2214	14.039754
2275.5	14.797757
2337	15.617947
2398.5	16.499811
2460	17.436974
2521.5	18.412215
2583	19.388766
2644.5	20.295360
2706	21.001419
2767.5	21.278791
2829	20.752405
2890.5	18.866270
2952	14.950884
3013.5	8.545476
3075	0.000000
Torque_102.5Hz_219.393V
0	4.265259
63	4.349045
126	4.436152
189	4.526777
252	4.621137
315	4.719463
378	4.822008
441	4.929044
504	5.040869
567	5.157805
630	5.280205
693	5.408454
756	5.542972
819	5.684222
882	5.832708
945	5.988989
1008	6.153678
1071	6.327454
1134	6.511066
1197	6.705347
1260	6.911222
1323	7.129718
1386	7.361985
1449	7.609306
1512	7.873120
1575	8.155038
1638	8.456875
1701	8.780668
1764	9.128714
1827	9.503596
1890	9.908218
1953	10.345837
2016	10.820083
2079	11.334970
2142	11.894866
2205	12.504403
2268	13.168273
2331	13.890820
2394	14.675257
2457	15.522242
2520	16.427303
2583	17.376215
2646	18.336820
2709	19.244699
2772	19.978892
2835	20.323391
2898	19.915213
2961	18.203266
3024	14.504918
3087	8.327260
3150	0.000000
Torque_105Hz_219.393V
0	3.981201
64.5	4.059542
129	4.140994
193.5	4.225745
258	4.313997
322.5	4.405969
387	4.501896
451.5	4.602037
516	4.706670
580.5	4.816101
645	4.930661
709.5	5.050713
774	5.176653
838.5	5.308918
903	5.447985
967.5	5.594380
1032	5.748684
1096.5	5.911539
1161	6.083655
1225.5	6.265820
1290	6.458911
1354.5	6.663906
1419	6.881896
1483.5	7.114104
1548	7.361899
1612.5	7.626824
1677	7.910613
1741.5	8.215221
1806	8.542856
1870.5	8.896010
1935	9.277495
1999.5	9.690480
2064	10.138516
2128.5	10.625558
2193	11.155952
2257.5	11.734376
2322	12.365669
2386.5	13.054494
2451	13.804652
2515.5	14.617816
2580	15.491189
2644.5	16.413241
2709	17.356029
2773.5	18.261517
2838	19.017901
2902.5	19.421069
2967	19.120446
3031.5	17.571030
3096	14.078690
3160.5	8.118898
3225	0.000000
Torque_107.5Hz_219.393V
0	3.721686
66	3.795038
132	3.871310
198	3.950678
264	4.033331
330	4.119476
396	4.209336
462	4.303153
528	4.401191
594	4.503735
660	4.611100
726	4.723628
792	4.841693
858	4.965706
924	5.096119
990	5.233430
1056	5.378187
1122	5.530998
1188	5.692537
1254	5.863550
1320	6.044869
1386	6.237423
1452	6.442251
1518	6.660516
1584	6.893524
1650	7.142747
1716	7.409846
1782	7.696694
1848	8.005413
1914	8.338405
1980	8.698390
2046	9.088442
2112	9.512029
2178	9.973036
2244	10.475770
2310	11.024920
2376	11.625432
2442	12.282218
2508	12.999570
2574	13.780035
2640	14.622290
2706	15.517222
2772	16.440734
2838	17.340725
2904	18.114083
2970	18.568297
3036	18.365425
3102	16.967636
3168	13.670911
3234	7.919721
3300	0.000000
Torque_110Hz_219.393V
0	3.484133
67.5	3.552906
135	3.624423
202.5	3.698849
270	3.776362
337.5	3.857157
405	3.941444
472.5	4.029452
540	4.121429
607.5	4.217645
675	4.318397
742.5	4.424006
810	4.534828
877.5	4.651251
945	4.773701
1012.5	4.902650
1080	5.038618
1147.5	5.182179
1215	5.333971
1282.5	5.494704
1350	5.665167
1417.5	5.846243
1485	6.038919
1552.5	6.244304
1620	6.463643
1687.5	6.698342
1755	6.949989
1822.5	7.220379
1890	7.511550
1957.5	7.825816
2025	8.165802
2092.5	8.534492
2160	8.935262
2227.5	9.371917
2295	9.848710
2362.5	10.370321
2430	10.941759
2497.5	11.568131
2565	12.254135
2632.5	13.003063
2700	13.814888
2767.5	14.682661
2835	15.585789
2902.5	16.477673
2970	17.263435
3037.5	17.761830
3105	17.647684
3172.5	16.391318
3240	13.280407
3307.5	7.729120
3375	0.000000
Torque_112.5Hz_219.393V
0	3.266278
69	3.330843
138	3.397987
207	3.467868
276	3.540654
345	3.616527
414	3.695688
483	3.778350
552	3.864749
621	3.955140
690	4.049803
759	4.149042
828	4.253193
897	4.362623
966	4.477735
1035	4.598976
1104	4.726838
1173	4.861867
1242	5.004666
1311	5.155910
1380	5.316348
1449	5.486818
1518	5.668262
1587	5.861734
1656	6.068422
1725	6.289670
1794	6.526993
1863	6.782115
1932	7.056992
2001	7.353849
2070	7.675221
2139	8.023995
2208	8.403457
2277	8.817325
2346	9.269785
2415	9.765485
2484	10.309470
2553	10.906989
2622	11.563073
2691	12.281648
2760	13.063822
2829	13.904575
2898	14.786505
2967	15.668108
3036	16.462276
3105	16.998675
3174	16.964955
3243	15.840458
3312	12.906105
3381	7.546539
3450	0.000000
Torque_115Hz_219.393V
0	3.066131
70.5	3.126819
141	3.189937
211.5	3.255632
282	3.324063
352.5	3.395403
423	3.469839
493.5	3.547575
564	3.628833
634.5	3.713854
705	3.802902
775.5	3.896266
846	3.994263
916.5	4.097240
987	4.205580
1057.5	4.319706
1128	4.440083
1198.5	4.567230
1269	4.701720
1339.5	4.844192
1410	4.995359
1480.5	5.156018
1551	5.327065
1621.5	5.509504
1692	5.704470
1762.5	5.913245
1833	6.137279
1903.5	6.378222
1974	6.637951
2044.5	6.918609
2115	7.222639
2185.5	7.552834
2256	7.912384
2326.5	8.304918
2397	8.734545
2467.5	9.205865
2538	9.723929
2608.5	10.294091
2679	10.921645
2749.5	11.611057
2820	12.364421
2890.5	13.178442
2961	14.038611
3031.5	14.908132
3102	15.707221
3172.5	16.276070
3243	16.315139
3313.5	15.313568
3384	12.547020
3454.5	7.371471
3525	0.000000
Torque_117.5Hz_219.393V
0	2.881936
72	2.939050
144	2.998454
216	3.060287
288	3.124699
360	3.191856
432	3.261932
504	3.335121
576	3.411633
648	3.491696
720	3.575559
792	3.663497
864	3.755808
936	3.852823
1008	3.954904
1080	4.062452
1152	4.175908
1224	4.295764
1296	4.422565
1368	4.556918
1440	4.699500
1512	4.851072
1584	5.012483
1656	5.184693
1728	5.368784
1800	5.565979
1872	5.777668
1944	6.005429
2016	6.251066
2088	6.516635
2160	6.804495
2232	7.117343
2304	7.458275
2376	7.830825
2448	8.239018
2520	8.687393
2592	9.180986
2664	9.725217
2736	10.325588
2808	10.987018
2880	11.712461
2952	12.500152
3024	13.338206
3096	14.194172
3168	14.995151
3240	15.591462
3312	15.696300
3384	14.809275
3456	12.202252
3528	7.203448
3600	0.000000
Torque_120Hz_219.393V
0	2.712142
73.5	2.765954
147	2.821926
220.5	2.880192
294	2.940892
367.5	3.004182
441	3.070229
514.5	3.139215
588	3.211339
661.5	3.286817
735	3.365886
808.5	3.448804
882	3.535856
955.5	3.627354
1029	3.723642
1102.5	3.825100
1176	3.932148
1249.5	4.045251
1323	4.164928
1396.5	4.291756
1470	4.426379
1543.5	4.569521
1617	4.721992
1690.5	4.884706
1764	5.058695
1837.5	5.245130
1911	5.445338
1984.5	5.660832
2058	5.893342
2131.5	6.144847
2205	6.417615
2278.5	6.714256
2352	7.037766
2425.5	7.391586
2499	7.779650
2572.5	8.206425
2646	8.676914
2719.5	9.196570
2793	9.771058
2866.5	10.405673
2940	11.104111
3013.5	11.865966
3087	12.681729
3160.5	13.522948
3234	14.323189
3307.5	14.942486
3381	15.106639
3454.5	14.326314
3528	11.870971
3601.5	7.042043
3675	0.000000
Torque_122.5Hz_219.393V
0	2.555374
75	2.606132
150	2.658930
225	2.713894
300	2.771159
375	2.830871
450	2.893189
525	2.958284
600	3.026346
675	3.097579
750	3.172207
825	3.250476
900	3.332656
975	3.419042
1050	3.509961
1125	3.605774
1200	3.706879
1275	3.813720
1350	3.926788
1425	4.046633
1500	4.173868
1575	4.309182
1650	4.453346
1725	4.607234
1800	4.771831
1875	4.948254
1950	5.137774
2025	5.341842
2100	5.562114
2175	5.800494
2250	6.059167
2325	6.340652
2400	6.647850
2475	6.984104
2550	7.353255
2625	7.759691
2700	8.208363
2775	8.704735
2850	9.254589
2925	9.863530
3000	10.535895
3075	11.272480
3150	12.065920
3225	12.891446
3300	13.688678
3375	14.326951
3450	14.544488
3525	13.863511
3600	11.552415
3675	6.886861
3750	0.000000
Torque_125Hz_219.393V
0	2.410412
76.5	2.458340
153	2.508197
229.5	2.560103
306	2.614185
382.5	2.670581
459	2.729442
535.5	2.790931
612	2.855227
688.5	2.922523
765	2.993034
841.5	3.066991
918	3.144651
994.5	3.226294
1071	3.312231
1147.5	3.402804
1224	3.498393
1300.5	3.599418
1377	3.706347
1453.5	3.819704
1530	3.940072
1606.5	4.068107
1683	4.204547
1759.5	4.350223
1836	4.506075
1912.5	4.673174
1989	4.852734
2065.5	5.046145
2142	5.254998
2218.5	5.481120
2295	5.726617
2371.5	5.993918
2448	6.285831
2524.5	6.605601
2601	6.956975
2677.5	7.344250
2754	7.772317
2830.5	8.246628
2907	8.773045
2983.5	9.357424
3060	10.004652
3136.5	10.716587
3213	11.487798
3289.5	12.296896
3366	13.089164
3442.5	13.742820
3519	14.008297
3595.5	13.419781
3672	11.245878
3748.5	6.737541
3825	0.000000
Torque_127.5Hz_219.393V
0	2.276169
78	2.321472
156	2.368601
234	2.417669
312	2.468797
390	2.522116
468	2.577769
546	2.635911
624	2.696711
702	2.760353
780	2.827040
858	2.896993
936	2.970454
1014	3.047691
1092	3.128999
1170	3.214703
1248	3.305163
1326	3.400781
1404	3.502001
1482	3.609322
1560	3.723301
1638	3.844561
1716	3.973807
1794	4.111833
1872	4.259537
1950	4.417941
2028	4.588210
2106	4.771674
2184	4.969860
2262	5.184524
2340	5.417692
2418	5.671709
2496	5.949290
2574	6.253583
2652	6.588236
2730	6.957455
2808	7.366058
2886	7.819465
2964	8.323589
3042	8.884487
3120	9.507511
3198	10.195455
3276	10.944629
3354	11.736745
3432	12.522376
3510	13.188206
3588	13.496622
3666	12.994115
3744	10.950710
3822	6.593746
3900	0.000000
Torque_130Hz_219.393V
0	2.151676
79.5	2.194541
159	2.239136
238.5	2.285568
318	2.333951
397.5	2.384411
477	2.437083
556.5	2.492113
636	2.549664
715.5	2.609909
795	2.673041
874.5	2.739270
954	2.808827
1033.5	2.881966
1113	2.958967
1192.5	3.040139
1272	3.125827
1351.5	3.216411
1431	3.312316
1510.5	3.414016
1590	3.522042
1669.5	3.636989
1749	3.759530
1828.5	3.890421
1908	4.030523
1987.5	4.180813
2067	4.342405
2146.5	4.516575
2226	4.704788
2305.5	4.908731
2385	5.130355
2464.5	5.371921
2544	5.636053
2623.5	5.925804
2703	6.244722
2782.5	6.596919
2862	6.987129
2941.5	7.420728
3021	7.903652
3100.5	8.442111
3180	9.041854
3259.5	9.706493
3339	10.433906
3418.5	11.208643
3498	11.986210
3577.5	12.661348
3657	13.008117
3736.5	12.585572
3816	10.666309
3895.5	6.455168
3975	0.000000
Torque_132.5Hz_219.393V
0	2.036067
81	2.076664
162	2.118902
243	2.162881
324	2.208712
405	2.256512
486	2.306409
567	2.358545
648	2.413071
729	2.470155
810	2.529978
891	2.592740
972	2.658661
1053	2.727983
1134	2.800973
1215	2.877925
1296	2.959165
1377	3.045059
1458	3.136009
1539	3.232467
1620	3.334941
1701	3.443999
1782	3.560282
1863	3.684513
1944	3.817516
2025	3.960224
2106	4.113706
2187	4.279184
2268	4.458063
2349	4.651967
2430	4.862772
2511	5.092658
2592	5.344162
2673	5.620241
2754	5.924343
2835	6.260484
2916	6.633310
2997	7.048136
3078	7.510899
3159	8.027926
3240	8.605295
3321	9.247335
3402	9.953328
3483	10.710423
3564	11.478720
3645	12.160611
3726	12.541525
3807	12.193280
3888	10.392115
3969	6.321520
4050	0.000000
Torque_135Hz_219.393V
0	1.928566
82.5	1.967051
165	2.007094
247.5	2.048789
330	2.092242
412.5	2.137564
495	2.184878
577.5	2.234316
660	2.286024
742.5	2.340161
825	2.396900
907.5	2.456431
990	2.518963
1072.5	2.584727
1155	2.653976
1237.5	2.726991
1320	2.804083
1402.5	2.885600
1485	2.971925
1567.5	3.063492
1650	3.160783
1732.5	3.264340
1815	3.374777
1897.5	3.492785
1980	3.619151
2062.5	3.754769
2145	3.900662
2227.5	4.058002
2310	4.228140
2392.5	4.412634
2475	4.613292
2557.5	4.832213
2640	5.071850
2722.5	5.335066
2805	5.625212
2887.5	5.946201
2970	6.302589
3052.5	6.699620
3135	7.143212
3217.5	7.639774
3300	8.195655
3382.5	8.815811
3465	9.500779
3547.5	10.240084
3630	10.998097
3712.5	11.684469
3795	12.095671
3877.5	11.816420
3960	10.127610
4042.5	6.192536
4125	0.000000
Torque_137.5Hz_219.393V
0	1.828476
84	1.864993
168	1.902989
252	1.942555
336	1.983790
420	2.026801
504	2.071705
588	2.118627
672	2.167707
756	2.219095
840	2.272956
924	2.329472
1008	2.388841
1092	2.451283
1176	2.517039
1260	2.586379
1344	2.659597
1428	2.737026
1512	2.819032
1596	2.906027
1680	2.998473
1764	3.096888
1848	3.201857
1932	3.314044
2016	3.434199
2100	3.563180
2184	3.701966
2268	3.851682
2352	4.013625
2436	4.189292
2520	4.380423
2604	4.589044
2688	4.817521
2772	5.068628
2856	5.345617
2940	5.652303
3024	5.993142
3108	6.373302
3192	6.798663
3276	7.275686
3360	7.810945
3444	8.409934
3528	9.074315
3612	9.795778
3696	10.542666
3780	11.231498
3864	11.669455
3948	11.454230
4032	9.872310
4116	6.067969
4200	0.000000
Torque_140Hz_219.393V
0	1.735173
85.5	1.769852
171	1.805937
256.5	1.843515
342	1.882680
427.5	1.923533
513	1.966186
598.5	2.010760
684	2.057385
769.5	2.106205
855	2.157378
940.5	2.211077
1026	2.267490
1111.5	2.326829
1197	2.389322
1282.5	2.455225
1368	2.524822
1453.5	2.598428
1539	2.676394
1624.5	2.759113
1710	2.847026
1795.5	2.940629
1881	3.040481
1966.5	3.147216
2052	3.261554
2137.5	3.384315
2223	3.516440
2308.5	3.659006
2394	3.813258
2479.5	3.980638
2565	4.162819
2650.5	4.361755
2736	4.579731
2821.5	4.819431
2907	5.084011
2992.5	5.377186
3078	5.703312
3163.5	6.067471
3249	6.475494
3334.5	6.933868
3420	7.449343
3505.5	8.027881
3591	8.672145
3676.5	9.375798
3762	10.110868
3847.5	10.800373
3933	11.261848
4018.5	11.105994
4104	9.625766
4189.5	5.947589
4275	0.000000
Torque_142.5Hz_219.393V
0	1.648091
87	1.681053
174	1.715353
261	1.751073
348	1.788303
435	1.827140
522	1.867689
609	1.910066
696	1.954396
783	2.000815
870	2.049475
957	2.100539
1044	2.154189
1131	2.210623
1218	2.270063
1305	2.332751
1392	2.398959
1479	2.468987
1566	2.543171
1653	2.621886
1740	2.705554
1827	2.794649
1914	2.889706
2001	2.991332
2088	3.100215
2175	3.217143
2262	3.343017
2349	3.478872
2436	3.625903
2523	3.785496
2610	3.959262
2697	4.149085
2784	4.357171
2871	4.586119
2958	4.838989
3045	5.119394
3132	5.431593
3219	5.780573
3306	6.172105
3393	6.612678
3480	7.109182
3567	7.667978
3654	8.292619
3741	8.978563
3828	9.701256
3915	10.389850
4002	10.871884
4089	10.771044
4176	9.387557
4263	5.831183
4350	0.000000
Torque_145Hz_219.393V
0	1.566723
88.5	1.598079
177	1.630709
265.5	1.664690
354	1.700110
442.5	1.737060
531	1.775640
619.5	1.815962
708	1.858143
796.5	1.902316
885	1.948622
973.5	1.997220
1062	2.048281
1150.5	2.101997
1239	2.158577
1327.5	2.218254
1416	2.281287
1504.5	2.347963
1593	2.418603
1681.5	2.493565
1770	2.573253
1858.5	2.658121
1947	2.748681
2035.5	2.845513
2124	2.949278
2212.5	3.060731
2301	3.180734
2389.5	3.310284
2478	3.450527
2566.5	3.602797
2655	3.768645
2743.5	3.949887
2832	4.148655
2920.5	4.367460
3009	4.609272
3097.5	4.877604
3186	5.176612
3274.5	5.511188
3363	5.887031
3451.5	6.310615
3540	6.788934
3628.5	7.328687
3717	7.934216
3805.5	8.602611
3894	9.312483
3982.5	9.998772
4071	10.498657
4159.5	10.448749
4248	9.157293
4336.5	5.718552
4425	0.000000
Torque_147.5Hz_219.393V
0	1.490609
90	1.520461
180	1.551526
270	1.583880
360	1.617604
450	1.652786
540	1.689523
630	1.727918
720	1.768087
810	1.810154
900	1.854256
990	1.900542
1080	1.949178
1170	2.000345
1260	2.054244
1350	2.111098
1440	2.171153
1530	2.234685
1620	2.302000
1710	2.373442
1800	2.449396
1890	2.530297
1980	2.616634
2070	2.708965
2160	2.807923
2250	2.914230
2340	3.028717
2430	3.152338
2520	3.286196
2610	3.431574
2700	3.589966
2790	3.763122
2880	3.953102
2970	4.162334
3060	4.393698
3150	4.650608
3240	4.937118
3330	5.258022
3420	5.618937
3510	6.026306
3600	6.487195
3690	7.008591
3780	7.595531
3870	8.246587
3960	8.943296
4050	9.626054
4140	10.141314
4230	10.138519
4320	8.934606
4410	5.609511
4500	0.000000
Torque_150Hz_219.393V
49.164	51.403727
124.164	51.403727
199.164	51.403727
274.164	51.403727
349.164	51.403727
424.164	51.403727
499.164	51.403727
574.164	51.403727
649.164	51.403727
724.164	51.403727
799.164	51.403727
874.164	51.403727
949.164	51.403727
1024.16	51.403727
1099.16	51.403727
1174.16	51.403727
1249.16	51.403727
1324.16	51.403727
1399.16	51.403619
1467.68	49.004001
1535.87	46.828378
1603.69	44.847902
1671.06	43.040016
1737.87	41.385308
1803.99	39.868497
1869.22	38.477116
1933.24	37.202893
1995.52	36.041850
2055	34.998718
2108.86	34.104760
2130.85	33.711502
2204.5	31.833075
2278.22	30.106759
2352.01	28.516549
2425.87	27.048610
2499.8	25.690748
2573.78	24.432264
2647.81	23.263750
2721.89	22.176817
2796.02	21.164129
2870.19	20.219029
2944.39	19.335691
3018.64	18.508840
3092.91	17.733799
3167.22	17.006323
3241.56	16.322596
3315.93	15.679197
3390.32	15.073040
3464.74	14.501285
3539.18	13.961408
3613.64	13.451055
3688.13	12.968138
3762.63	12.510724
3837.15	12.077048
3911.69	11.665512
3986.24	11.274611
4060.81	10.903023
4135.4	10.549462
4210	10.212805
Output Torque
