barCurrent
  61 10
  0.582
  -2260.87  -1243.75  -1890.65  -2671.3  -493.431  -195.315  930.517  912.276  2447.46  2551.28  2184.94  880.744  507.873  201.552  -1910.12  -1663.65  -1085.66  -2536.97  -2943.9  -305.633  -307.103  -6.26395  1861.4  2462.64  2080.35  1157.33  2253.61  667.63  214.227  -1420.97  -710.25  -2266.43  -2735.79  -2423.33  -565.81  -467.004  -104.545  1904.63  2056.66  976.057  2258.6  2894.4  383.586  254.744  -412.041  -1335.36  -2550.61  -2452.83  -1445.18  -1477.1  -735.318  -235.248  1789.23  816.426  1837.52  2828.68  2728.57  298.273  427.299  48.8422  -1964.91  
  0.584
  -2721.57  -2567.62  -1077.13  -1678.97  -1920.58  343.113  480.293  871.32  1992.4  2922.48  1980.2  1840.28  214.546  -40.1051  -676.622  -2524.11  -1373.82  -1695.59  -2272.18  -2125.82  404.16  257.559  375.903  2699.4  2853.16  1522.62  1190.46  1636.16  -305.311  -568.408  -1638.05  -1313.32  -2701.1  -2204.5  -1891.84  91.8623  4.73316  636.542  2590.1  2186.46  1197.14  1910.57  2080.76  -363.902  -457.251  -436.459  -2384.77  -3017.84  -1853.91  -1453.25  -815.771  147.116  643.223  2323.93  846.372  2331.89  2415.55  2029.19  -373.009  -24.8432  -541.815  
  0.586
  -1850.43  -2845.43  -2508.01  -867.866  -901.568  -751.795  1439.21  1604.04  866.355  2419.15  3080.7  921.201  867.072  -199.16  -935.211  -2053.09  -2579.88  -1217.99  -1857.34  -1402.15  -863.631  1349.66  675.363  1451.59  2925.07  2867.6  699.564  782.476  588.969  -1457.01  -1791.08  -1188.02  -2016.71  -2889.53  -1087.97  -795.26  600.865  632.147  2007.74  2665.89  2072.92  1237.94  1074.19  818.207  -1419.54  -1371.93  -829.858  -2689.34  -3095.82  -824.523  -810.002  -198.486  1312.81  1970.51  2119.89  1165.47  2493.2  1327.39  816.85  -1049.33  -506.082  
  0.588
  -1063.69  -2613.28  -2471.66  -2165.93  -449.013  -19.3394  15.0753  2315.41  1998.61  1187.48  2243.51  2578.6  -7.08654  1.3575  -280.931  -2092.36  -2798.6  -2158.19  -1318.93  -1570.59  -87.4601  30.1315  2047.6  735.177  2288.52  2690.46  2415.54  98.2749  13.3839  -13.4085  -2435.5  -2376.98  -1056.5  -2007.85  -2463.14  -2.27521  3.88462  729.868  1669.59  2759.51  2262.81  1957.14  839.337  24.524  -19.1995  -2250.45  -1230.16  -1681.34  -2588.22  -2581.7  16.1436  -3.17699  59.1315  2422.93  2648.85  1627.02  1362.34  2234.96  4.1225  -11.7733  -1462.56  
  0.59
  -1148.85  -1994.52  -2960.45  -1606.25  -1383.88  261.834  359.524  1387.51  2649.76  1883.64  1481.44  1625.05  1488.79  -923.617  -897.285  -577.18  -2721.23  -3090.59  -1317.38  -1092.53  -711.161  822.437  1316.04  2097.39  1120.98  2599.15  1890.08  1426.98  -659.472  -268.861  -1267.42  -2834.73  -2469.14  -1058.9  -1364.03  -1413.12  926.121  1019.38  726.785  2457.14  3108.28  1412.51  1380.85  124.823  -552.377  -1390.93  -2574.48  -1065.18  -2050.74  -1981.41  -1501.91  896.319  443.423  923.811  2927.17  2871.26  1033.49  1069.66  1251.21  -940.388  -1164.81  
  0.592
  -2126.08  -983.305  -2206.65  -2844.59  -384.722  -227.822  493.85  1271.42  2500.18  2435.28  1768.68  1300.39  598.402  261.373  -1855.36  -1131.81  -1523.09  -2744.33  -2837.21  -312.707  -384.702  -6.26045  1944.51  2375.42  1590.58  1479.37  2585.05  565.081  218.937  -1140.58  -818.163  -2419.49  -2626.05  -2218.57  -786.483  -514.899  -147.55  1864.32  1801.76  1083.3  2429.73  2916.75  331.598  291.645  -97.4841  -1697.4  -2503.82  -2310.36  -1115.07  -1998.99  -725.446  -247.555  1656.57  628.217  2130.21  2822.08  2599.26  380.289  451.384  134.529  -1973.62  
  0.594
  -2672.8  -2309.7  -1109.96  -1861.44  -2035.01  366.96  425.351  557.051  2330.77  2968.89  1850.9  1649.8  585.318  -89.5868  -656.545  -2425.72  -936.613  -2110.66  -2434.33  -2090.34  402.51  118.972  454.952  2756.79  2742.39  1151.27  1468.46  1882.95  -347.782  -519.177  -1085.2  -1799.01  -2887.66  -2036.12  -1808.33  -162.132  27.6386  677.49  2493.55  1667.29  1587.36  2119.25  2095.23  -373.119  -372.108  -342.349  -2585.85  -2937.19  -1738.99  -1135.85  -1364.45  215.998  615.092  2010.01  970.143  2600.28  2321.18  1989.64  -256.068  -8.14324  -611.253  
  0.596
  -1995.96  -2757.21  -2193.03  -1108.06  -1024.69  -791.258  1412.78  1421.98  900.226  2598.68  3079.83  840.198  889.516  56.6949  -1199.45  -2015.57  -2394.58  -1060.82  -2217.87  -1434.9  -841.464  1235.9  478.324  1734.35  2920.65  2730.49  702.248  841.087  727.301  -1479.41  -1679.06  -895.3  -2358.55  -3057.35  -933.037  -834.069  263.125  883.789  2036.41  2562.64  1530.11  1697.52  1275.22  838.416  -1381.34  -961.162  -1168.7  -2850.23  -2991.09  -787.997  -740.442  -447.544  1435.17  1906.75  1550.47  1592.67  2805.55  1196.46  806.431  -788.259  -562.581  
  0.598
  -1474.9  -2746.54  -2309.71  -1981.71  -736.605  -18.4333  20.7739  2227.77  1485.33  1584.32  2433.72  2579.22  -38.7868  4.26802  -110.534  -2309.31  -2714.88  -1943.58  -1178.89  -2005.98  -47.3214  25.0806  1791.28  790.993  2513.88  2590.93  2318.49  211.422  42.7631  -14.913  -2395.22  -2128.34  -1089.08  -2184.03  -2535.25  8.37541  -0.920707  379.171  2022.41  2755.85  2145.71  1574.04  1352.27  27.8503  -18.5958  -2142.23  -831.312  -2070.42  -2714.44  -2492.84  -38.3504  10.4403  11.8574  2466.41  2546.99  1130.05  1770.71  2460.53  -43.7555  -2.80015  -963.253  
  0.6
  -788.559  -2373.75  -3098  -1432.43  -1332.26  -106.793  538.935  1385.69  2541.86  1326.02  1942.76  1837.31  1494.05  -905.314  -658.356  -721.882  -2863.53  -2968.18  -1218.25  -970.685  -1061.2  896.858  1259.77  1512.88  1567.63  2881.88  1734.38  1412.52  -441.84  -305.813  -1374.94  -2742.81  -2049.53  -1326.88  -1553.5  -1450.62  910.811  894.138  686.935  2638.54  3064.47  1326.15  1258.14  497.531  -733.66  -1348.04  -2371.87  -987.384  -2339.83  -1999.13  -1468.42  800.725  273.693  1163.41  2896.7  2719.1  915.326  1243.33  1399.89  -952.385  -1075.59  
