barEmf
  61 10
  0.582
  0.0607168  0.0392126  0.0347219  0.0494375  0.0139875  0.0153003  -0.00861358  -0.00534272  -0.0227061  -0.032773  -0.030501  0.00969395  0.0306701  0.0276984  0.0678238  0.0646211  0.0287502  0.0431048  0.0612866  0.0115329  0.00671552  -0.000493072  -0.0377908  -0.0496011  -0.0495213  -0.0133584  -0.0197909  0.0054769  0.00298127  0.0359658  0.0207446  0.0317609  0.0464227  0.0496593  0.000930969  -0.0187709  -0.019995  -0.0601628  -0.0625278  -0.0239863  -0.0324691  -0.0515705  -0.00749385  -0.00819515  0.00835516  0.0245517  0.0426403  0.0495524  0.0229752  0.00567135  -0.0121733  -0.00926654  -0.0482097  -0.0335536  -0.0298231  -0.0484213  -0.0581101  -0.00599381  0.00855981  0.0130005  0.0542949  
  0.584
  0.0182765  0.0342659  0.00182529  0.00448493  0.0269226  -0.00962518  -0.015462  -0.0339567  -0.0576601  -0.0881871  -0.0899142  -0.0997357  -0.0705087  -0.058977  -0.0507488  -0.00280148  -0.00415776  -0.00384592  0.0170937  0.04583  0.00612797  0.00589226  0.0107912  -0.0386289  -0.0607693  -0.046949  -0.0289288  -0.0420782  -0.0093504  -0.00333672  0.0297266  0.0255952  0.0568115  0.0698805  0.0862668  0.0527242  0.0495653  0.0436716  -0.00374542  -0.0150393  0.0127767  0.00235573  -0.0258289  0.0129855  0.0172729  0.01876  0.0576539  0.0866648  0.0823426  0.0703452  0.0547  0.0331265  0.0251666  -0.020129  0.00131781  -0.023967  -0.0472498  -0.0708684  -0.0313242  -0.0340383  -0.0320159  
  0.586
  0.00713731  0.0283679  0.0274725  -0.0242278  -0.0437615  -0.0401722  -0.0815452  -0.0803963  -0.0508833  -0.0663374  -0.083742  -0.0461362  -0.0466901  -0.0213201  -0.00289142  0.0103013  0.0275429  -0.00490612  -0.0117782  -0.019586  -0.0118869  -0.0509346  -0.0375734  -0.0265958  -0.0504496  -0.0557776  -0.00567374  0.0157225  0.0187376  0.0598609  0.0626495  0.0513111  0.0522099  0.0675637  0.0399756  0.0427303  0.012982  0.00998639  -0.00241388  -0.0208119  -0.0128572  0.0228182  0.0382062  0.030376  0.0693902  0.0638338  0.0282615  0.0495345  0.0635113  0.0199409  0.00843668  -0.00887366  -0.0422782  -0.0497967  -0.0591341  -0.0238705  -0.0340408  -0.0188503  -0.0244199  0.0122297  0.00238351  
  0.588
  0.0235351  0.0500919  0.065183  0.0757998  0.0387443  0.0224157  0.0278197  -0.0205993  -0.0268059  0.00308167  -0.0109  -0.0369712  0.00612932  0.00689995  0.0150367  0.0512006  0.0743461  0.0768444  0.0501652  0.0434388  0.0164185  0.0196052  -0.0255137  -0.00648847  -0.0266095  -0.0503019  -0.0688037  -0.0236736  -0.0130561  -0.0175755  0.0332246  0.0443733  0.011434  0.0187609  0.0414408  0.00239142  0.00250799  -0.0181703  -0.0367741  -0.062381  -0.0687559  -0.067958  -0.0392458  -0.0174638  -0.0218645  0.026339  0.0232815  0.0192619  0.0416997  0.0657432  0.0205963  0.0167447  0.0172513  -0.0319083  -0.0489844  -0.0384958  -0.0193148  -0.0355135  -0.000874885  -0.00405755  0.0303086  
  0.59
  0.0518836  0.0601202  0.0817574  0.0680777  0.0747281  0.0442057  0.0332283  0.0244938  -0.00743719  -0.00266842  0.0202469  0.0219624  0.00418217  0.0446562  0.0411628  0.0181504  0.0518732  0.0693507  0.0413218  0.023048  0.0139584  -0.0211363  -0.0265942  -0.0507623  -0.0230646  -0.0422314  -0.0425372  -0.0550019  -0.0186151  -0.0196043  -0.0168766  0.0179638  0.0214727  -0.0233044  -0.032392  -0.0176425  -0.0597109  -0.059362  -0.0469347  -0.0729649  -0.0942982  -0.0707442  -0.0715584  -0.0467913  -0.0237084  -0.0139362  0.0181321  -0.0092073  -0.00337173  0.00464428  0.0215266  -0.0176822  -0.0104451  0.000170921  -0.0377097  -0.0477176  -0.00739373  0.0118267  0.00193445  0.0442863  0.0461805  
  0.592
  0.0596289  0.0245168  0.0318233  0.0501932  0.00829377  0.00902109  -0.00749746  -0.0201859  -0.0371861  -0.0438608  -0.0277236  -0.00280914  0.0177847  0.0138124  0.0542697  0.0452613  0.028765  0.0467326  0.0602659  0.0100467  -0.000771196  -0.00735756  -0.0472427  -0.0561044  -0.0445198  -0.0234553  -0.0379043  -0.00619249  -0.00845271  0.0199088  0.0111279  0.0272724  0.0392382  0.0380668  -0.00435089  -0.0243881  -0.0230667  -0.0620981  -0.0604371  -0.0232317  -0.0352266  -0.0538782  -0.0055405  -0.00306409  0.00685342  0.0375576  0.0514756  0.0553071  0.0157281  0.0142069  -0.00772449  -0.00489805  -0.0427055  -0.0241505  -0.031582  -0.049578  -0.057061  -0.00479919  0.0128458  0.0137907  0.0562286  
  0.594
  0.0170579  0.028943  -0.00338532  0.00548286  0.0319125  -0.0070791  -0.0122081  -0.0189399  -0.0556413  -0.0840249  -0.0802748  -0.0783831  -0.0581491  -0.0402688  -0.0323403  0.0143871  -0.00110958  0.0173214  0.0418657  0.067489  0.0276289  0.029942  0.0308852  -0.0206196  -0.0399242  -0.0130545  -0.00733658  -0.0284484  0.00764647  0.0128167  0.036039  0.0517561  0.0832057  0.0881924  0.0992351  0.070209  0.0611425  0.0530574  0.00679202  0.0027312  0.0106431  -0.00502825  -0.0332536  0.00593011  0.00848358  0.00317307  0.049428  0.0746854  0.0670702  0.0451769  0.0498475  0.0219701  0.0153993  -0.0244291  -0.00682453  -0.037805  -0.0553983  -0.0758075  -0.0370104  -0.0359254  -0.0319478  
  0.596
  -0.000573845  0.0192885  0.0128888  -0.0288772  -0.0455304  -0.0392317  -0.0790359  -0.0743349  -0.0410565  -0.0599303  -0.0745406  -0.0316313  -0.0256328  -0.00357678  0.0255727  0.0354484  0.049066  0.00821903  0.0116081  0.00187718  0.00795537  -0.0305979  -0.0167035  -0.0169153  -0.0398186  -0.042675  0.0135596  0.0346998  0.032564  0.0752409  0.0754421  0.0500795  0.0636178  0.0808435  0.0451077  0.0457766  0.0201875  0.00472738  -0.00807546  -0.024329  -0.00140257  0.0133841  0.0247752  0.0174544  0.0562332  0.0465752  0.0243238  0.047687  0.0566357  0.0105226  -0.0114219  -0.020546  -0.0596213  -0.0644661  -0.062382  -0.0459362  -0.0615912  -0.0384377  -0.0429404  -0.00965922  -0.0116547  
  0.598
  0.0352134  0.0615536  0.0704111  0.0732556  0.0433886  0.0237087  0.0289791  -0.017987  -0.0179153  -0.00687944  -0.0248948  -0.0499283  -0.0049135  -0.00418107  -0.00356603  0.040743  0.0598684  0.0571977  0.0287592  0.037159  0.0061521  0.00988818  -0.0303243  -0.0126759  -0.038783  -0.0584037  -0.0745609  -0.031397  -0.0188988  -0.0246803  0.0248297  0.03164  -0.00257841  0.0102601  0.0360357  -0.0056776  -0.00618675  -0.0164447  -0.0486917  -0.0709037  -0.0732159  -0.0564958  -0.0429896  -0.0167586  -0.0210392  0.0254749  0.0117671  0.0249254  0.0499657  0.0708656  0.0268214  0.0191821  0.0236311  -0.0271687  -0.0412531  -0.0140695  -0.0126613  -0.0351159  0.00345451  0.000622701  0.0255733  
  0.6
  0.046323  0.0697328  0.0920659  0.0706598  0.0729474  0.049114  0.0273072  0.0180994  -0.0126935  0.00604006  0.00628178  0.00278954  -0.0147576  0.025209  0.0200338  0.00214429  0.0396216  0.0528187  0.0205755  -0.0031463  0.000571221  -0.0391774  -0.0428587  -0.0571697  -0.048968  -0.0720246  -0.0638622  -0.0740823  -0.0394362  -0.0332425  -0.0257168  0.00788466  0.00531558  -0.0254616  -0.0292432  -0.0130705  -0.05401  -0.0518089  -0.0334806  -0.0647589  -0.0828686  -0.0556976  -0.0455026  -0.0302734  0.00141752  0.00885322  0.0374832  0.00422016  0.0180596  0.024518  0.0387838  0.000651904  0.00559117  0.00677245  -0.0298977  -0.038064  0.0114617  0.0242423  0.00931381  0.0529476  0.0535511  
