barFlux
  61 10
  0.582
  0.00705697  0.00256226  -0.00227185  -0.00679238  -0.0102041  -0.0116997  -0.0113094  -0.00909521  -0.00533981  -0.000640707  0.00422329  0.00845752  0.0111647  0.0119012  0.0108198  0.00787568  0.00363061  -0.00117106  -0.0058899  -0.00969759  -0.0116498  -0.011675  -0.00993086  -0.00643091  -0.00182866  0.0030673  0.00747913  0.0106576  0.0119017  0.0112845  0.0087984  0.00488115  0.00011766  -0.00472693  -0.00883521  -0.0113161  -0.011855  -0.010604  -0.00749413  -0.00313082  0.00166537  0.00628178  0.00990546  0.0116203  0.0114192  0.00942888  0.00580192  0.00113824  -0.00375777  -0.00807738  -0.0109992  -0.0119652  -0.011091  -0.00833698  -0.00425441  0.000541017  0.00534761  0.00932165  0.0115478  0.0118546  0.0103683  
  0.584
  0.00709352  0.00263079  -0.0022682  -0.00678341  -0.0101502  -0.011719  -0.0113403  -0.00916312  -0.00545513  -0.000817081  0.00404346  0.00825805  0.0110236  0.0117832  0.0107183  0.00787008  0.00362229  -0.00117875  -0.00585571  -0.00960593  -0.0116375  -0.0116632  -0.00990927  -0.00650817  -0.00195019  0.0029734  0.00742127  0.0105734  0.011883  0.0112778  0.00885785  0.00493235  0.000231282  -0.00458717  -0.00866268  -0.0112106  -0.0117558  -0.0105166  -0.00750162  -0.0031609  0.00169093  0.0062865  0.0098538  0.0116463  0.0114537  0.0094664  0.00591723  0.00131157  -0.00359309  -0.00793669  -0.0108898  -0.011899  -0.0110407  -0.00837723  -0.00425177  0.000493083  0.00525311  0.00917992  0.0114852  0.0117866  0.0103042  
  0.586
  0.0071078  0.00268753  -0.00221326  -0.00683187  -0.0102378  -0.0117993  -0.0115034  -0.00932392  -0.0055569  -0.000949756  0.00387598  0.00816577  0.0109303  0.0117406  0.0107125  0.00789068  0.00367738  -0.00118856  -0.00587926  -0.0096451  -0.0116613  -0.0117651  -0.00998442  -0.00656136  -0.00205109  0.00286185  0.00740992  0.0106049  0.0119205  0.0113975  0.00898315  0.00503497  0.000335702  -0.00445204  -0.00858273  -0.0111252  -0.0117299  -0.0104966  -0.00750644  -0.00320252  0.00166521  0.00633213  0.00993021  0.0117071  0.0115925  0.00959407  0.00597376  0.00141064  -0.00346606  -0.00789681  -0.010873  -0.0119167  -0.0111252  -0.00847683  -0.00437004  0.000445342  0.00518503  0.00914221  0.0114363  0.011811  0.010309  
  0.588
  0.00715487  0.00278771  -0.00208289  -0.00668027  -0.0101603  -0.0117545  -0.0114478  -0.00936512  -0.00561051  -0.000943592  0.00385418  0.00809183  0.0109425  0.0117544  0.0107426  0.00799308  0.00382607  -0.00103487  -0.00577893  -0.00955822  -0.0116285  -0.0117259  -0.0100354  -0.00657434  -0.00210431  0.00276125  0.00727232  0.0105575  0.0118944  0.0113624  0.0090496  0.00512371  0.00035857  -0.00441452  -0.00849985  -0.0111204  -0.0117249  -0.010533  -0.00757999  -0.00332729  0.0015277  0.00619622  0.00985172  0.0116721  0.0115488  0.00964674  0.00602032  0.00144917  -0.00338266  -0.00776532  -0.0108318  -0.0118832  -0.0110907  -0.00854064  -0.00446801  0.000368351  0.0051464  0.00907119  0.0114346  0.0118029  0.0103696  
  0.59
  0.00725863  0.00290795  -0.00191938  -0.00654411  -0.0100108  -0.0116661  -0.0113813  -0.00931613  -0.00562538  -0.000948929  0.00389467  0.00813576  0.0109509  0.0118437  0.0108249  0.00802938  0.00392982  -0.000896169  -0.00569629  -0.00951213  -0.0116006  -0.0117681  -0.0100886  -0.00667587  -0.00215044  0.00267678  0.00718724  0.0104475  0.0118571  0.0113231  0.00901585  0.00515964  0.000401516  -0.00446113  -0.00856463  -0.0111557  -0.0118443  -0.0106517  -0.00767386  -0.00347322  0.0013391  0.00605473  0.0097086  0.0115786  0.0115014  0.00961887  0.00605658  0.00143075  -0.00338941  -0.00775603  -0.0107887  -0.0119186  -0.0111116  -0.0085403  -0.00454343  0.000272915  0.00513161  0.00909484  0.0114384  0.0118915  0.010462  
  0.592
  0.00737789  0.00295699  -0.00185573  -0.00644373  -0.00999422  -0.011648  -0.0113963  -0.0093565  -0.00569976  -0.00103665  0.00383923  0.00813014  0.0109865  0.0118713  0.0109334  0.0081199  0.00398735  -0.000802704  -0.00557576  -0.00949203  -0.0116021  -0.0117829  -0.0101831  -0.00678807  -0.00223948  0.00262987  0.00711143  0.0104351  0.0118402  0.011363  0.0090381  0.00521419  0.000479992  -0.00438499  -0.00857333  -0.0112045  -0.0118904  -0.0107759  -0.00779474  -0.00351968  0.00126865  0.00594697  0.00969752  0.0115724  0.0115151  0.00969399  0.00615953  0.00154137  -0.00335795  -0.00772762  -0.0108042  -0.0119284  -0.011197  -0.0085886  -0.00460659  0.000173759  0.00501749  0.00908524  0.0114641  0.0119191  0.0105745  
  0.594
  0.00741201  0.00301487  -0.0018625  -0.00643276  -0.0099304  -0.0116622  -0.0114207  -0.00939438  -0.00581104  -0.0012047  0.00367868  0.00797337  0.0108702  0.0117908  0.0108688  0.00814868  0.00398513  -0.000768061  -0.00549203  -0.00935706  -0.0115468  -0.011723  -0.0101214  -0.00682931  -0.00231933  0.00260376  0.00709676  0.0103782  0.0118555  0.0113886  0.00911018  0.0053177  0.000646404  -0.00420861  -0.00837486  -0.011064  -0.0117681  -0.0106698  -0.00778115  -0.00351422  0.00128994  0.00593691  0.00963101  0.0115843  0.011532  0.00970033  0.00625839  0.00169074  -0.00322381  -0.00763727  -0.0107045  -0.0118844  -0.0111662  -0.00863746  -0.00462024  9.81495e-005  0.00490669  0.00893363  0.0113901  0.0118472  0.0105106  
  0.596
  0.00741086  0.00305345  -0.00183672  -0.00649052  -0.0100215  -0.0117407  -0.0115788  -0.00954305  -0.00589315  -0.00132456  0.00352959  0.00791011  0.0108189  0.0117836  0.0109199  0.00821958  0.00408326  -0.000751623  -0.00546881  -0.0093533  -0.0115309  -0.0117842  -0.0101548  -0.00686314  -0.00239897  0.00251841  0.00712388  0.0104476  0.0119206  0.0115391  0.00926106  0.00541786  0.000773639  -0.00404692  -0.00828465  -0.0109725  -0.0117278  -0.0106603  -0.0077973  -0.00356288  0.00128713  0.00596368  0.00968056  0.0116192  0.0116445  0.00979348  0.00630704  0.00178611  -0.00311054  -0.00761622  -0.0107273  -0.0119255  -0.0112855  -0.00876639  -0.00474501  6.27707e-006  0.00478351  0.00885675  0.0113042  0.0118279  0.0104872  
  0.598
  0.00748129  0.00317656  -0.0016959  -0.00634401  -0.00993468  -0.0116932  -0.0115208  -0.00957902  -0.00592898  -0.00133832  0.0034798  0.00781025  0.0108091  0.0117753  0.0109128  0.00830106  0.004203  -0.000637227  -0.00541129  -0.00927898  -0.0115186  -0.0117644  -0.0102154  -0.0068885  -0.00247653  0.00240161  0.00697476  0.0103848  0.0118828  0.0114897  0.00931072  0.00548114  0.000768483  -0.0040264  -0.00821258  -0.0109838  -0.0117401  -0.0106932  -0.00789469  -0.00370468  0.0011407  0.00585069  0.00959458  0.0115857  0.0116024  0.00984443  0.00633057  0.00183596  -0.00301061  -0.00747449  -0.0106737  -0.0118872  -0.0112382  -0.00882073  -0.00482751  -2.18619e-005  0.00475819  0.00878652  0.0113111  0.0118291  0.0105384  
  0.6
  0.00757393  0.00331602  -0.00151177  -0.00620269  -0.00978879  -0.011595  -0.0114662  -0.00954283  -0.00595437  -0.00132624  0.00349237  0.00781583  0.0107795  0.0118257  0.0109529  0.00830535  0.00428224  -0.00053159  -0.00537014  -0.00928528  -0.0115175  -0.0118428  -0.0103011  -0.00700284  -0.00257447  0.00225756  0.00684703  0.0102367  0.011804  0.0114232  0.00925929  0.00549691  0.000779114  -0.00407732  -0.00827106  -0.01101  -0.0118482  -0.0107968  -0.00796165  -0.0038342  0.000974962  0.0057393  0.00950358  0.0115251  0.0116053  0.00986214  0.00640554  0.0018444  -0.00297449  -0.00742546  -0.0105961  -0.0118859  -0.011227  -0.00880719  -0.00488731  -9.79899e-005  0.00478111  0.008835  0.0113298  0.011935  0.0106455  
