endRingCurrent
  61 10
  0.582
  -1231.84  11.9133  1902.56  4573.87  5067.3  5262.61  4332.09  3419.82  972.355  -1578.92  -3763.87  -4644.61  -5152.48  -5354.03  -3443.91  -1780.27  -694.609  1842.36  4786.26  5091.89  5399  5405.26  3543.87  1081.23  -999.122  -2156.45  -4410.06  -5077.69  -5291.91  -3870.94  -3160.69  -894.264  1841.53  4264.86  4830.67  5297.67  5402.22  3497.58  1440.93  464.871  -1793.73  -4688.13  -5071.72  -5326.46  -4914.42  -3579.06  -1028.45  1424.38  2869.55  4346.66  5081.98  5317.22  3527.99  2711.57  874.044  -1954.64  -4683.21  -4981.48  -5408.78  -5457.62  -3492.71  
  0.584
  -1786.7  780.924  1858.06  3537.02  5457.6  5114.49  4634.2  3762.88  1770.48  -1152  -3132.2  -4972.48  -5187.03  -5146.92  -4470.3  -1946.19  -572.369  1123.22  3395.4  5521.22  5117.06  4859.5  4483.6  1784.2  -1068.95  -2591.58  -3782.03  -5418.19  -5112.88  -4544.47  -2906.42  -1593.1  1108.01  3312.51  5204.35  5112.48  5107.75  4471.21  1881.11  -305.351  -1502.49  -3413.05  -5493.82  -5129.91  -4672.66  -4236.2  -1851.43  1166.41  3020.32  4473.56  5289.33  5142.22  4498.99  2175.07  1328.7  -1003.19  -3418.74  -5447.93  -5074.92  -5050.08  -4508.26  
  0.586
  -2175.04  670.381  3178.39  4046.26  4947.82  5699.62  4260.41  2656.37  1790.02  -629.131  -3709.83  -4631.03  -5498.1  -5298.94  -4363.73  -2310.64  269.243  1487.23  3344.57  4746.72  5610.35  4260.69  3585.33  2133.74  -791.333  -3658.93  -4358.5  -5140.97  -5729.94  -4272.93  -2481.85  -1293.83  722.875  3612.41  4700.38  5495.64  4894.77  4262.62  2254.88  -411.006  -2483.93  -3721.87  -4796.06  -5614.27  -4194.73  -2822.8  -1992.94  696.397  3792.22  4616.74  5426.74  5625.23  4312.42  2341.91  222.024  -943.446  -3436.64  -4764.04  -5580.89  -4531.56  -4025.47  
  0.588
  -2578.28  35.0009  2506.66  4672.59  5121.6  5140.94  5125.87  2810.46  811.854  -375.629  -2619.14  -5197.74  -5190.65  -5192.01  -4911.08  -2818.71  -20.1069  2138.08  3457.01  5027.6  5115.06  5084.93  3037.32  2302.15  13.6238  -2676.84  -5092.37  -5190.65  -5204.03  -5190.62  -2755.12  -378.14  678.363  2686.21  5149.36  5151.63  5147.75  4417.88  2748.28  -11.2293  -2274.04  -4231.19  -5070.52  -5095.05  -5075.85  -2825.4  -1595.23  86.105  2674.33  5256.03  5239.88  5243.06  5183.93  2761  112.149  -1514.88  -2877.22  -5112.18  -5116.31  -5104.53  -3641.97  
  0.59
  -2483.05  -488.529  2471.92  4078.17  5462.05  5200.22  4840.69  3453.18  803.427  -1080.21  -2561.65  -4186.7  -5675.49  -4751.87  -3854.59  -3277.41  -556.176  2534.42  3851.8  4944.33  5655.49  4833.05  3517.01  1419.62  298.636  -2300.51  -4190.59  -5617.57  -4958.1  -4689.24  -3421.82  -587.089  1882.05  2940.95  4304.98  5718.1  4791.98  3772.6  3045.82  588.678  -2519.6  -3932.12  -5312.97  -5437.79  -4885.41  -3494.49  -920.002  145.182  2195.92  4177.33  5679.24  4782.93  4339.5  3415.69  488.526  -2382.73  -3416.23  -4485.89  -5737.1  -4796.71  -3631.9  
  0.592
  -1364.2  -380.895  1825.76  4670.35  5055.07  5282.89  4789.04  3517.62  1017.44  -1417.84  -3186.51  -4486.9  -5085.31  -5346.68  -3491.32  -2359.51  -836.427  1907.9  4745.11  5057.82  5442.52  5448.78  3504.27  1128.85  -461.729  -1941.1  -4526.15  -5091.23  -5310.17  -4169.59  -3351.43  -931.941  1694.11  3912.68  4699.16  5214.06  5361.61  3497.29  1695.53  612.231  -1817.5  -4734.25  -5065.85  -5357.5  -5260.01  -3562.61  -1058.8  1251.56  2366.64  4365.63  5091.08  5338.63  3682.06  3053.85  923.641  -1898.44  -4497.7  -4877.99  -5329.37  -5463.9  -3490.28  
  0.594
  -1819.35  490.353  1600.32  3461.76  5496.77  5129.81  4704.46  4147.4  1816.64  -1152.25  -3003.15  -4652.95  -5238.27  -5148.68  -4492.14  -2066.41  -1129.8  980.864  3415.2  5505.54  5103.03  4984.06  4529.11  1772.32  -970.077  -2121.35  -3589.81  -5472.76  -5124.98  -4605.8  -3520.6  -1721.59  1166.07  3202.18  5010.51  5172.64  5145.01  4467.52  1973.96  306.671  -1280.68  -3399.94  -5495.17  -5122.05  -4749.94  -4407.59  -1821.74  1115.44  2854.44  3990.28  5354.74  5138.74  4523.65  2513.63  1543.49  -1056.79  -3377.98  -5367.62  -5111.55  -5103.41  -4492.15  
  0.596
  -2221.54  535.671  2728.7  3836.76  4861.44  5652.7  4239.92  2817.95  1917.72  -680.96  -3760.79  -4600.98  -5490.5  -5547.2  -4347.74  -2332.18  62.4047  1123.23  3341.1  4775.99  5617.46  4381.55  3903.23  2168.88  -751.772  -3482.26  -4184.5  -5025.59  -5752.89  -4273.48  -2594.42  -1699.12  659.435  3716.79  4649.82  5483.89  5220.77  4336.98  2300.57  -262.071  -1792.18  -3489.7  -4764.92  -5603.33  -4221.99  -3260.83  -2092.14  758.093  3749.19  4537.18  5277.63  5725.17  4290  2383.25  832.78  -759.894  -3565.44  -4761.91  -5568.34  -4780.08  -4217.5  
  0.598
  -2692.54  53.9987  2363.71  4345.42  5082.02  5100.46  5079.68  2851.91  1366.58  -217.744  -2651.46  -5230.69  -5191.9  -5196.17  -5085.63  -2776.32  -61.4376  1882.15  3061.03  5067.01  5114.33  5089.25  3297.98  2506.98  -6.89447  -2597.82  -4916.31  -5127.74  -5170.5  -5155.59  -2760.37  -632.027  457.05  2641.08  5176.33  5167.96  5168.88  4789.71  2767.3  11.4475  -2134.26  -3708.3  -5060.57  -5088.42  -5069.83  -2927.6  -2096.29  -25.8718  2688.56  5181.4  5219.75  5209.31  5197.46  2731.04  184.05  -945.999  -2716.71  -5177.24  -5133.49  -5130.69  -4167.43  
  0.6
  -2938.33  -564.58  2533.42  3965.86  5298.12  5404.91  4865.97  3480.29  938.427  -387.595  -2330.36  -4167.66  -5661.72  -4756.4  -4098.05  -3376.16  -512.638  2455.54  3673.8  4644.48  5705.68  4808.83  3549.06  2036.18  468.544  -2413.33  -4147.71  -5560.23  -5118.39  -4812.58  -3437.64  -694.833  1354.7  2681.58  4235.08  5685.69  4774.88  3880.75  3193.81  555.27  -2509.2  -3835.35  -5093.48  -5591.01  -4857.35  -3509.32  -1137.45  -150.066  2189.76  4188.89  5657.31  4856.58  4582.89  3419.48  522.788  -2196.32  -3111.64  -4354.97  -5754.86  -4802.47  -3726.89  
