PhaseA
  5 10
  0.582
  0  191.97  -4.91279  -0.822434  95.4817  
  0.584
  0  310.614  396.537  -0.33731  242.562  
  0.586
  0  310.614  613.119  0.260031  298.67  
  0.588
  0  191.97  602.377  0.784731  262.35  
  0.59
  0  -4.28599e-011  368.033  1.0133  114.282  
  0.592
  0  -191.97  3.81424  0.822705  -95.2955  
  0.594
  0  -310.614  -396.923  0.337311  -242.697  
  0.596
  0  -310.614  -614.669  -0.259786  -298.548  
  0.598
  0  -191.97  -602.057  -0.784712  -262.463  
  0.6
  0  2.20268e-012  -368.061  -1.01345  -114.37  
