PhaseC
  5 10
  0.582
  0  132.84  564.741  0.905594  225.548  
  0.584
  0  -67.9038  228.119  0.999875  47.1403  
  0.586
  0  -242.71  -131.612  0.685958  -156.958  
  0.588
  0  -324.81  -494.101  0.142398  -271.78  
  0.59
  0  -282.843  -635.577  -0.454457  -298.428  
  0.592
  0  -132.84  -564.072  -0.905522  -225.533  
  0.594
  0  67.9038  -228.307  -0.999938  -47.2077  
  0.596
  0  242.71  131.381  -0.685907  157.015  
  0.598
  0  324.81  492.877  -0.142284  271.812  
  0.6
  0  282.843  635.405  0.454276  298.28  
