PhaseB
  5 10
  0.582
  0  -324.81  -559.828  -0.0565343  -289.384  
  0.584
  0  -242.71  -624.656  -0.631295  -287.38  
  0.586
  0  -67.9038  -481.506  -0.981531  -175.118  
  0.588
  0  132.84  -108.276  -0.934312  23.6091  
  0.59
  0  282.843  267.543  -0.522202  206.055  
  0.592
  0  324.81  560.258  0.0567235  289.463  
  0.594
  0  242.71  625.231  0.631243  287.26  
  0.596
  0  67.9038  483.287  0.981434  175.096  
  0.598
  0  -132.84  109.179  0.934219  -23.6074  
  0.6
  0  -282.843  -267.344  0.521961  -206.129  
